#id, 楼层, 上/下按钮, 要去几层, 读取下一条数据间隔时间
1,13,UP,14,6
2,14,DOWN,11,2
3,8,UP,10,1
4,14,DOWN,6,6
5,14,DOWN,1,3
6,14,DOWN,11,2
7,8,UP,20,3
8,22,DOWN,1,2
9,4,UP,24,1
10,4,UP,13,4
11,14,DOWN,13,1
12,3,UP,19,4
13,2,UP,17,2
14,4,UP,9,5
15,4,UP,7,3
16,23,DOWN,11,1
17,11,UP,19,4
18,13,DOWN,11,6
19,18,DOWN,16,4
20,3,UP,10,6
21,20,DOWN,8,1
22,20,UP,24,6
23,18,DOWN,4,2
24,7,DOWN,2,6
25,5,UP,17,5
26,11,UP,13,5
27,22,DOWN,2,1
28,15,UP,22,6
29,23,DOWN,15,6
30,5,UP,19,3
31,21,DOWN,6,1
32,11,UP,15,5
33,18,DOWN,1,1
34,23,DOWN,7,5
35,13,DOWN,2,5
36,14,DOWN,8,5
37,17,UP,24,3
38,17,DOWN,13,3
39,22,DOWN,11,4
40,18,DOWN,16,4
41,18,DOWN,11,3
42,13,DOWN,1,2
43,5,DOWN,2,1
44,19,DOWN,9,2
45,22,DOWN,21,6
46,16,DOWN,7,1
47,19,DOWN,18,3
48,12,UP,17,1
49,4,UP,8,5
50,1,UP,21,6
51,20,DOWN,6,1
52,2,UP,12,1
53,2,UP,8,5
54,22,DOWN,1,4
55,4,UP,7,3
56,9,DOWN,6,2
57,16,UP,18,1
58,21,DOWN,12,3
59,4,UP,15,2
60,18,DOWN,5,4
61,23,UP,24,2
62,12,DOWN,5,1
63,3,UP,7,5
64,22,DOWN,20,3
65,22,DOWN,3,4
66,14,UP,18,6
67,24,DOWN,18,2
68,11,DOWN,10,5
69,12,DOWN,8,5
70,17,DOWN,3,4
71,13,UP,17,3
72,18,DOWN,9,2
73,19,DOWN,12,5
74,5,DOWN,3,2
75,24,DOWN,4,4
76,7,UP,23,2
77,7,UP,19,3
78,22,DOWN,1,4
79,1,UP,16,5
80,15,DOWN,1,1
81,3,UP,19,2
82,2,UP,10,3
83,7,UP,19,1
84,21,DOWN,13,1
85,20,DOWN,19,2
86,16,UP,24,1
87,10,DOWN,3,4
88,12,UP,22,5
89,2,UP,7,4
90,16,DOWN,1,2
91,23,DOWN,22,4
92,13,DOWN,2,2
93,10,DOWN,5,2
94,4,DOWN,2,1
95,5,UP,23,6
96,2,DOWN,1,1
97,3,UP,13,4
98,19,DOWN,18,4
99,24,DOWN,1,6
100,2,UP,8,5
101,3,UP,22,5
102,8,UP,13,4
103,19,DOWN,4,4
104,21,DOWN,9,1
105,21,DOWN,3,6
106,8,UP,20,1
107,21,DOWN,12,6
108,16,UP,19,4
109,19,UP,21,1
110,14,UP,15,2
111,3,UP,22,3
112,3,UP,9,1
113,14,DOWN,13,3
114,12,DOWN,3,3
115,6,UP,24,2
116,3,UP,12,6
117,3,UP,14,3
118,12,UP,20,1
119,10,DOWN,1,1
120,4,UP,9,6
121,5,UP,13,6
122,4,UP,17,3
123,17,DOWN,6,4
124,4,UP,9,3
125,15,UP,20,3
126,6,UP,22,5
127,4,UP,10,6
128,15,DOWN,9,5
129,1,UP,10,5
130,13,DOWN,9,6
131,23,DOWN,4,4
132,16,DOWN,11,1
133,8,DOWN,5,2
134,2,UP,13,5
135,4,UP,15,5
136,13,UP,24,3
137,21,DOWN,10,2
138,17,DOWN,5,2
139,13,DOWN,5,5
140,17,DOWN,5,1
141,24,DOWN,15,5
142,4,DOWN,1,1
143,5,DOWN,2,5
144,19,DOWN,7,2
145,16,DOWN,11,4
146,1,UP,12,3
147,21,UP,24,5
148,4,UP,5,3
149,12,UP,16,6
150,5,UP,15,2
151,11,UP,18,5
152,23,DOWN,22,2
153,7,UP,24,6
154,21,DOWN,2,6
155,6,UP,10,5
156,4,UP,8,5
157,24,DOWN,7,5
158,2,UP,19,3
159,15,DOWN,10,1
160,14,DOWN,3,1
161,11,DOWN,4,5
162,19,DOWN,16,6
163,20,DOWN,3,5
164,6,DOWN,4,1
165,14,UP,23,5
166,15,DOWN,7,3
167,8,DOWN,5,4
168,2,UP,18,6
169,3,UP,6,4
170,14,DOWN,1,4
171,19,DOWN,18,6
172,19,DOWN,7,3
173,4,UP,6,4
174,8,DOWN,4,4
175,4,UP,16,5
176,18,DOWN,14,6
177,12,UP,21,4
178,21,DOWN,19,4
179,13,UP,14,4
180,10,UP,14,6
181,1,UP,7,3
182,14,UP,22,6
183,15,UP,23,2
184,5,UP,17,5
185,18,UP,23,1
186,7,UP,8,2
187,2,UP,15,3
188,12,UP,21,4
189,13,UP,18,4
190,10,UP,23,3
191,12,DOWN,3,3
192,4,UP,19,4
193,23,DOWN,1,6
194,14,DOWN,2,2
195,19,UP,24,2
196,2,UP,10,2
197,2,DOWN,1,4
198,16,UP,23,1
199,8,UP,12,1
200,18,DOWN,1,6
201,22,DOWN,5,5
202,12,UP,13,1
203,12,DOWN,11,2
204,10,UP,21,5
205,5,UP,18,2
206,5,UP,18,5
207,17,UP,19,4
208,19,DOWN,11,6
209,4,UP,14,4
210,4,UP,16,6
211,16,DOWN,14,1
212,14,UP,15,5
213,23,DOWN,19,6
214,6,UP,7,2
215,7,DOWN,4,1
216,17,UP,19,4
217,18,UP,20,5
218,9,DOWN,2,2
219,13,UP,14,4
220,15,DOWN,1,5
221,13,UP,24,5
222,3,UP,11,4
223,22,DOWN,17,6
224,22,DOWN,13,5
225,15,UP,22,2
226,13,UP,19,2
227,20,DOWN,15,2
228,19,UP,21,1
229,19,DOWN,10,2
230,7,DOWN,1,1
231,22,DOWN,16,3
232,24,DOWN,22,5
233,8,UP,20,2
234,5,UP,6,6
235,23,DOWN,8,2
236,22,DOWN,13,2
237,17,DOWN,8,4
238,14,DOWN,10,4
239,22,DOWN,18,2
240,14,UP,22,6
241,9,UP,16,5
242,20,DOWN,5,1
243,5,UP,9,2
244,18,UP,20,5
245,2,UP,14,2
246,23,DOWN,21,4
247,9,UP,15,4
248,9,UP,14,6
249,2,UP,23,3
250,12,UP,16,1
251,13,UP,14,1
252,24,DOWN,3,4
253,17,DOWN,2,4
254,19,DOWN,6,2
255,19,DOWN,11,2
256,20,DOWN,18,5
257,18,DOWN,14,2
258,6,UP,13,2
259,17,UP,18,6
260,5,UP,16,3
261,12,DOWN,2,1
262,13,DOWN,1,3
263,3,UP,13,6
264,21,DOWN,15,5
265,14,UP,22,2
266,22,DOWN,8,5
267,19,UP,22,3
268,22,DOWN,15,1
269,12,UP,23,1
270,8,DOWN,7,3
271,18,DOWN,3,5
272,18,DOWN,4,4
273,9,DOWN,1,5
274,9,UP,19,2
275,17,UP,24,4
276,5,DOWN,4,1
277,10,DOWN,6,3
278,13,UP,23,6
279,17,DOWN,7,6
280,5,DOWN,3,2
281,19,DOWN,11,2
282,22,DOWN,21,4
283,20,UP,21,2
284,3,UP,13,2
285,2,UP,18,2
286,19,DOWN,12,3
287,6,UP,22,6
288,10,DOWN,7,5
289,22,DOWN,2,5
290,9,DOWN,6,2
291,3,UP,8,4
292,4,UP,11,6
293,10,UP,19,6
294,14,DOWN,12,2
295,6,UP,12,6
296,20,UP,22,4
297,2,UP,23,4
298,3,UP,8,5
299,11,DOWN,8,4
300,7,UP,24,1
301,2,UP,11,1
302,17,UP,21,6
303,10,DOWN,2,3
304,20,UP,24,2
305,23,DOWN,4,6
306,12,UP,14,1
307,1,UP,23,3
308,11,DOWN,9,1
309,20,DOWN,5,1
310,20,DOWN,1,3
311,12,UP,17,1
312,19,DOWN,5,2
313,2,UP,20,5
314,3,UP,23,3
315,20,DOWN,6,5
316,12,UP,20,3
317,20,DOWN,13,5
318,16,UP,18,2
319,18,DOWN,5,2
320,11,DOWN,1,5
321,21,DOWN,15,2
322,24,DOWN,10,5
323,22,DOWN,11,6
324,20,DOWN,17,1
325,23,DOWN,3,4
326,22,DOWN,5,3
327,17,DOWN,4,1
328,11,DOWN,1,2
329,11,UP,12,3
330,17,UP,18,4
331,3,UP,12,1
332,11,UP,12,3
333,23,UP,24,2
334,4,UP,9,5
335,1,UP,20,2
336,16,DOWN,6,4
337,24,DOWN,13,3
338,19,DOWN,2,5
339,7,UP,10,6
340,1,UP,7,2
341,12,DOWN,8,4
342,8,UP,16,6
343,22,DOWN,1,5
344,13,UP,24,6
345,11,DOWN,7,4
346,21,DOWN,16,3
347,19,DOWN,15,1
348,23,DOWN,11,2
349,10,UP,14,3
350,20,DOWN,3,1
351,4,UP,21,6
352,5,UP,10,3
353,13,UP,16,2
354,2,UP,13,1
355,23,DOWN,17,5
356,18,DOWN,7,3
357,17,UP,20,3
358,17,UP,24,5
359,16,DOWN,6,3
360,20,DOWN,19,6
361,2,UP,24,5
362,20,DOWN,2,4
363,7,DOWN,5,6
364,24,DOWN,14,2
365,6,UP,18,6
366,5,UP,14,2
367,13,DOWN,4,4
368,2,UP,12,2
369,9,UP,19,6
370,19,UP,20,3
371,21,DOWN,20,6
372,20,DOWN,10,2
373,18,DOWN,13,6
374,7,UP,21,1
375,2,UP,10,1
376,8,DOWN,5,5
377,7,DOWN,6,5
378,14,DOWN,6,6
379,3,UP,22,5
380,15,DOWN,7,6
381,3,UP,23,6
382,19,DOWN,3,1
383,9,UP,18,6
384,24,DOWN,21,4
385,1,UP,3,5
386,19,DOWN,8,1
387,20,DOWN,3,3
388,17,DOWN,13,6
389,3,UP,12,3
390,10,UP,19,3
391,17,DOWN,12,2
392,5,UP,21,3
393,5,UP,7,3
394,22,DOWN,12,3
395,20,DOWN,10,3
396,15,UP,21,2
397,16,DOWN,8,3
398,16,DOWN,15,6
399,5,UP,6,4
400,16,UP,18,6
401,4,UP,12,4
402,10,UP,20,3
403,18,DOWN,10,6
404,13,DOWN,9,2
405,8,UP,18,2
406,14,UP,24,5
407,16,UP,17,1
408,8,UP,23,3
409,19,DOWN,18,1
410,14,DOWN,10,2
411,4,UP,13,1
412,14,UP,23,3
413,7,UP,16,1
414,14,UP,20,5
415,22,DOWN,19,5
416,22,DOWN,8,1
417,23,DOWN,9,6
418,10,UP,19,5
419,10,DOWN,6,5
420,12,UP,24,1
421,6,UP,21,6
422,23,DOWN,13,5
423,21,DOWN,19,2
424,5,UP,6,3
425,3,UP,13,4
426,6,UP,7,5
427,14,DOWN,13,1
428,19,DOWN,16,2
429,13,DOWN,4,6
430,10,DOWN,6,5
431,5,UP,20,1
432,23,DOWN,21,4
433,19,DOWN,2,4
434,11,DOWN,10,5
435,13,UP,22,1
436,23,DOWN,12,5
437,6,DOWN,4,6
438,1,UP,8,1
439,23,DOWN,3,4
440,15,UP,22,1
441,4,UP,24,4
442,4,UP,17,5
443,21,DOWN,6,4
444,20,DOWN,15,5
445,19,DOWN,5,5
446,24,DOWN,20,2
447,24,DOWN,15,2
448,12,UP,21,1
449,23,UP,24,4
450,5,DOWN,4,3
451,7,UP,13,2
452,3,UP,18,5
453,1,UP,17,1
454,12,DOWN,5,1
455,20,DOWN,9,6
456,23,DOWN,4,5
457,13,UP,21,6
458,18,DOWN,9,1
459,5,UP,7,5
460,6,UP,19,1
461,4,UP,20,6
462,3,UP,18,1
463,18,DOWN,9,1
464,11,DOWN,3,2
465,20,DOWN,1,4
466,14,DOWN,8,3
467,1,UP,15,3
468,7,UP,11,6
469,5,UP,16,4
470,5,UP,7,1
471,17,DOWN,10,5
472,10,UP,13,6
473,19,DOWN,9,3
474,19,DOWN,16,3
475,15,DOWN,1,6
476,5,UP,18,4
477,20,DOWN,9,5
478,16,UP,18,4
479,18,UP,22,5
480,7,DOWN,5,5
481,13,DOWN,11,6
482,14,DOWN,12,1
483,5,UP,19,2
484,12,UP,22,5
485,6,UP,21,5
486,21,DOWN,19,2
487,3,UP,8,4
488,20,DOWN,12,6
489,2,UP,11,3
490,7,UP,18,2
491,19,DOWN,8,5
492,4,UP,10,2
493,14,UP,16,6
494,11,UP,16,2
495,18,UP,22,3
496,16,DOWN,15,1
497,7,DOWN,1,4
498,22,DOWN,6,1
499,24,DOWN,10,5
500,21,DOWN,7,4
501,15,UP,22,4
502,13,UP,19,4
503,14,DOWN,12,1
504,2,UP,18,1
505,21,DOWN,17,1
506,22,DOWN,6,6
507,2,DOWN,1,6
508,6,UP,24,4
509,22,DOWN,8,5
510,21,DOWN,8,1
511,24,DOWN,1,2
512,14,UP,19,3
513,15,DOWN,2,2
514,20,DOWN,16,6
515,1,UP,24,4
516,9,UP,24,5
517,13,DOWN,5,4
518,4,UP,20,5
519,20,DOWN,9,5
520,6,UP,19,5
521,1,UP,24,5
522,1,UP,9,1
523,21,DOWN,9,1
524,10,DOWN,6,6
525,22,DOWN,1,4
526,23,DOWN,17,1
527,16,DOWN,13,4
528,20,UP,22,5
529,8,UP,13,5
530,18,UP,21,3
531,16,DOWN,2,3
532,20,DOWN,10,1
533,18,DOWN,9,6
534,9,UP,16,3
535,18,UP,20,2
536,7,UP,21,6
537,8,UP,13,1
538,22,DOWN,8,4
539,15,UP,17,2
540,9,UP,14,4
541,7,UP,14,5
542,7,UP,24,5
543,15,UP,17,6
544,15,DOWN,7,1
545,20,DOWN,15,6
546,12,DOWN,3,3
547,17,DOWN,13,4
548,7,UP,19,2
549,1,UP,20,6
550,5,UP,18,3
551,23,UP,24,3
552,13,DOWN,1,2
553,20,UP,21,6
554,23,DOWN,14,2
555,15,DOWN,14,2
556,20,UP,22,5
557,1,UP,18,3
558,12,UP,24,4
559,22,DOWN,8,2
560,6,UP,16,1
561,15,DOWN,8,6
562,13,UP,22,1
563,21,DOWN,10,4
564,10,UP,13,2
565,1,UP,23,2
566,12,DOWN,8,3
567,6,DOWN,2,1
568,8,UP,18,2
569,10,UP,22,4
570,18,DOWN,8,5
571,8,UP,13,1
572,10,UP,16,4
573,10,UP,13,5
574,17,DOWN,8,6
575,14,UP,23,2
576,10,UP,17,3
577,8,UP,14,4
578,16,DOWN,4,6
579,15,DOWN,4,1
580,9,DOWN,1,3
581,24,DOWN,19,1
582,16,DOWN,15,4
583,13,UP,22,4
584,8,UP,17,6
585,17,DOWN,11,2
586,4,UP,22,6
587,1,UP,3,1
588,12,DOWN,2,2
589,15,DOWN,1,3
590,19,DOWN,2,3
591,9,UP,11,5
592,4,UP,5,3
593,18,DOWN,4,3
594,3,UP,8,6
595,22,DOWN,15,1
596,24,DOWN,21,2
597,24,DOWN,12,4
598,7,DOWN,1,3
599,4,UP,16,4
600,5,UP,22,3
601,13,UP,20,1
602,7,DOWN,1,4
603,5,UP,15,3
604,5,UP,23,3
605,14,DOWN,1,2
606,24,DOWN,13,5
607,9,UP,20,2
608,3,UP,21,6
609,2,UP,6,3
610,16,DOWN,1,6
611,12,UP,16,2
612,4,UP,14,2
613,21,DOWN,10,2
614,10,DOWN,2,2
615,3,UP,4,1
616,18,DOWN,15,1
617,10,DOWN,2,2
618,23,DOWN,21,4
619,12,DOWN,4,2
620,3,UP,18,6
621,3,DOWN,1,2
622,5,DOWN,4,5
623,18,DOWN,6,5
624,7,UP,16,2
625,23,DOWN,15,4
626,9,UP,17,3
627,3,UP,12,6
628,23,DOWN,15,2
629,8,UP,22,5
630,7,UP,10,1
631,14,DOWN,1,1
632,1,UP,8,5
633,15,UP,24,4
634,2,UP,8,1
635,11,UP,16,6
636,1,UP,23,3
637,21,DOWN,12,3
638,14,DOWN,5,6
639,1,UP,7,3
640,10,UP,24,1
641,16,UP,24,2
642,10,DOWN,1,5
643,6,UP,10,3
644,10,DOWN,3,5
645,15,DOWN,9,5
646,12,DOWN,8,4
647,7,UP,12,6
648,20,UP,21,5
649,3,UP,14,2
650,12,UP,19,3
651,5,UP,7,2
652,7,DOWN,2,6
653,12,DOWN,11,2
654,18,UP,24,1
655,24,DOWN,13,2
656,21,DOWN,10,3
657,4,UP,17,1
658,3,UP,16,4
659,3,UP,7,6
660,23,DOWN,15,4
661,19,DOWN,4,2
662,21,DOWN,20,2
663,19,DOWN,18,5
664,12,UP,16,2
665,7,DOWN,6,4
666,4,UP,12,2
667,5,UP,17,4
668,24,DOWN,6,2
669,6,UP,7,6
670,21,DOWN,5,6
671,3,UP,12,1
672,2,UP,24,5
673,3,UP,14,4
674,15,DOWN,14,6
675,11,UP,16,2
676,22,DOWN,13,5
677,18,DOWN,10,4
678,10,DOWN,6,4
679,13,UP,24,1
680,10,UP,22,2
681,17,DOWN,11,5
682,12,DOWN,8,3
683,17,DOWN,9,1
684,6,UP,10,6
685,11,DOWN,6,2
686,3,UP,9,2
687,3,UP,24,4
688,23,DOWN,20,2
689,15,UP,22,4
690,9,DOWN,8,3
691,2,UP,20,5
692,2,UP,17,3
693,19,DOWN,11,4
694,20,DOWN,17,4
695,12,UP,18,2
696,3,UP,24,3
697,2,UP,17,6
698,9,DOWN,8,6
699,21,UP,24,1
700,6,UP,14,3
701,22,DOWN,21,5
702,2,UP,12,1
703,22,DOWN,19,6
704,2,UP,11,3
705,6,UP,11,1
706,18,UP,23,3
707,20,DOWN,4,5
708,24,DOWN,22,4
709,10,DOWN,1,4
710,15,DOWN,10,4
711,12,UP,22,2
712,8,UP,18,5
713,9,UP,23,5
714,12,UP,14,2
715,12,UP,22,6
716,2,UP,10,1
717,12,UP,13,6
718,24,DOWN,14,2
719,12,UP,15,1
720,4,UP,24,3
721,4,UP,9,3
722,16,UP,17,2
723,19,UP,23,3
724,20,DOWN,11,5
725,23,DOWN,4,4
726,13,DOWN,3,3
727,22,DOWN,2,4
728,3,UP,22,6
729,9,DOWN,8,1
730,3,UP,11,2
731,18,DOWN,10,5
732,20,DOWN,6,5
733,17,UP,22,5
734,16,DOWN,9,4
735,9,DOWN,4,6
736,1,UP,3,5
737,9,UP,18,2
738,4,UP,12,4
739,18,DOWN,8,6
740,11,UP,20,3
741,18,UP,23,5
742,5,UP,13,1
743,1,UP,14,2
744,9,UP,10,3
745,20,UP,22,1
746,22,DOWN,21,6
747,4,UP,9,5
748,21,DOWN,3,3
749,10,DOWN,4,1
750,21,DOWN,18,1
751,19,DOWN,11,4
752,12,DOWN,9,1
753,1,UP,17,5
754,4,UP,19,5
755,8,UP,14,3
756,3,UP,10,3
757,4,UP,18,5
758,9,UP,22,6
759,22,DOWN,6,3
760,14,DOWN,12,6
761,21,DOWN,1,1
762,3,UP,20,5
763,3,UP,23,3
764,24,DOWN,8,2
765,13,UP,19,5
766,10,UP,14,4
767,5,UP,20,4
768,2,UP,22,4
769,2,UP,15,2
770,3,UP,9,6
771,24,DOWN,8,6
772,20,DOWN,4,1
773,12,UP,24,5
774,22,DOWN,2,5
775,14,DOWN,4,6
776,14,DOWN,8,2
777,5,UP,20,2
778,16,DOWN,6,5
779,11,UP,13,4
780,19,DOWN,11,4
781,10,UP,22,6
782,7,UP,8,6
783,11,DOWN,9,2
784,11,DOWN,1,5
785,20,DOWN,14,3
786,19,DOWN,16,3
787,7,UP,20,3
788,1,UP,11,4
789,11,DOWN,5,4
790,10,UP,24,5
791,21,DOWN,15,5
792,1,UP,9,5
793,14,UP,20,3
794,8,UP,23,4
795,2,UP,21,6
796,24,DOWN,11,4
797,6,UP,16,2
798,1,UP,17,5
799,3,UP,20,5
800,7,UP,13,4
801,17,DOWN,5,6
802,20,UP,22,5
803,17,UP,23,4
804,22,DOWN,2,2
805,10,UP,12,3
806,4,UP,15,1
807,9,DOWN,3,5
808,1,UP,8,6
809,13,UP,18,5
810,13,UP,17,6
811,11,UP,13,3
812,2,UP,3,3
813,9,DOWN,7,6
814,16,UP,24,4
815,10,DOWN,6,1
816,10,UP,22,2
817,16,UP,23,5
818,20,DOWN,5,1
819,2,UP,17,1
820,5,DOWN,4,2
821,9,UP,17,2
822,2,UP,3,6
823,23,DOWN,18,2
824,2,UP,12,1
825,5,UP,17,2
826,21,DOWN,11,1
827,18,DOWN,4,6
828,4,UP,11,2
829,15,UP,20,4
830,19,UP,24,3
831,14,UP,22,4
832,16,UP,19,6
833,12,UP,17,4
834,3,UP,14,5
835,8,UP,10,5
836,11,UP,24,5
837,19,DOWN,6,6
838,13,DOWN,4,6
839,22,DOWN,19,6
840,15,DOWN,3,5
841,7,UP,14,3
842,23,DOWN,1,4
843,5,UP,17,2
844,2,UP,6,4
845,7,UP,21,3
846,18,DOWN,3,3
847,21,DOWN,4,3
848,4,UP,24,4
849,7,UP,20,1
850,1,UP,18,1
851,10,DOWN,1,4
852,3,UP,16,4
853,24,DOWN,12,2
854,4,UP,19,1
855,21,DOWN,10,4
856,16,UP,18,3
857,18,DOWN,13,2
858,10,DOWN,4,6
859,12,UP,14,2
860,12,UP,23,4
861,11,UP,24,1
862,9,UP,14,6
863,14,UP,21,3
864,19,DOWN,2,4
865,14,DOWN,8,3
866,12,DOWN,5,6
867,6,UP,11,2
868,2,UP,3,1
869,2,UP,15,3
870,13,DOWN,9,5
871,23,DOWN,14,2
872,2,UP,14,5
873,10,DOWN,6,3
874,10,DOWN,2,6
875,21,DOWN,2,5
876,16,DOWN,3,3
877,19,DOWN,5,4
878,12,DOWN,9,5
879,12,UP,14,3
880,18,UP,23,6
881,18,UP,21,5
882,4,UP,20,5
883,16,UP,21,1
884,11,DOWN,5,1
885,7,UP,10,6
886,15,UP,22,3
887,10,DOWN,8,3
888,7,DOWN,1,4
889,2,UP,22,1
890,17,UP,18,1
891,3,UP,24,4
892,2,UP,18,2
893,8,UP,16,1
894,6,UP,10,4
895,23,DOWN,8,3
896,10,DOWN,2,2
897,18,DOWN,3,6
898,20,UP,24,1
899,23,DOWN,20,5
900,14,DOWN,3,2
901,3,UP,13,1
902,1,UP,4,6
903,19,DOWN,4,3
904,12,DOWN,4,1
905,12,DOWN,9,5
906,2,UP,13,4
907,2,UP,21,3
908,21,DOWN,6,3
909,18,UP,24,6
910,16,DOWN,4,3
911,19,DOWN,8,1
912,9,UP,12,2
913,1,UP,22,6
914,10,UP,11,6
915,9,DOWN,2,3
916,18,DOWN,2,6
917,18,DOWN,16,2
918,1,UP,5,5
919,2,UP,5,2
920,12,UP,21,4
921,6,DOWN,3,5
922,20,DOWN,19,1
923,1,UP,17,5
924,12,UP,16,1
925,20,DOWN,4,1
926,6,DOWN,5,3
927,1,UP,3,2
928,11,DOWN,9,5
929,24,DOWN,18,1
930,5,UP,9,6
931,14,UP,18,4
932,9,UP,22,5
933,10,DOWN,9,6
934,9,UP,13,6
935,18,DOWN,10,3
936,7,UP,24,5
937,7,DOWN,1,4
938,4,UP,24,1
939,1,UP,17,2
940,18,UP,23,1
941,19,DOWN,8,2
942,19,DOWN,1,3
943,13,DOWN,12,5
944,3,UP,19,4
945,10,DOWN,3,4
946,23,DOWN,10,1
947,6,UP,21,6
948,13,DOWN,2,4
949,3,UP,15,3
950,7,DOWN,6,2
951,24,DOWN,15,3
952,3,UP,24,6
953,3,UP,6,3
954,7,UP,13,3
955,21,UP,22,3
956,23,DOWN,18,5
957,14,DOWN,10,6
958,3,UP,24,5
959,17,DOWN,14,3
960,21,DOWN,17,3
961,15,DOWN,11,4
962,13,UP,24,1
963,10,UP,15,5
964,3,DOWN,2,1
965,6,DOWN,1,2
966,4,UP,10,5
967,10,UP,12,6
968,6,UP,23,4
969,9,UP,17,2
970,8,UP,10,3
971,17,UP,21,4
972,23,DOWN,13,1
973,24,DOWN,12,6
974,2,UP,9,1
975,11,DOWN,3,1
976,20,DOWN,10,6
977,17,UP,24,5
978,4,DOWN,1,4
979,18,DOWN,10,1
980,1,UP,3,3
981,12,UP,23,4
982,11,DOWN,9,5
983,8,UP,13,4
984,5,UP,16,6
985,17,DOWN,1,4
986,2,UP,18,1
987,4,UP,24,3
988,7,DOWN,3,4
989,9,UP,10,1
990,13,DOWN,1,1
991,20,UP,21,1
992,18,DOWN,4,6
993,8,DOWN,5,3
994,11,UP,14,1
995,17,DOWN,8,3
996,13,UP,15,6
997,22,DOWN,10,2
998,12,UP,13,5
999,24,DOWN,1,6
1000,21,DOWN,20,4
1001,13,DOWN,9,1
1002,16,UP,22,3
1003,21,DOWN,16,5
1004,1,UP,23,1
1005,21,UP,22,3
1006,11,UP,17,1
1007,22,DOWN,17,3
1008,3,UP,17,4
1009,12,DOWN,3,2
1010,12,DOWN,11,1
1011,11,DOWN,5,3
1012,9,UP,13,1
1013,24,DOWN,12,2
1014,11,UP,20,1
1015,17,DOWN,10,6
1016,18,DOWN,8,1
1017,5,UP,11,4
1018,2,UP,3,4
1019,21,DOWN,15,3
1020,6,UP,21,2
1021,3,UP,10,2
1022,8,UP,22,4
1023,4,UP,23,5
1024,2,UP,21,5
1025,21,DOWN,13,1
1026,21,DOWN,6,5
1027,6,UP,8,2
1028,13,DOWN,5,2
1029,21,DOWN,20,2
1030,13,UP,15,6
1031,3,UP,16,6
1032,1,UP,2,3
1033,20,DOWN,18,2
1034,10,UP,21,3
1035,21,DOWN,11,3
1036,17,DOWN,7,6
1037,15,DOWN,14,2
1038,17,UP,19,2
1039,21,DOWN,13,2
1040,19,DOWN,6,2
1041,19,DOWN,3,3
1042,15,DOWN,6,5
1043,17,DOWN,8,4
1044,3,UP,12,4
1045,1,UP,6,5
1046,1,UP,23,3
1047,10,UP,11,1
1048,7,UP,23,1
1049,3,UP,23,1
1050,22,DOWN,2,2
1051,13,DOWN,4,4
1052,3,UP,4,5
1053,21,DOWN,17,2
1054,2,UP,7,4
1055,3,UP,4,4
1056,3,UP,24,3
1057,3,UP,6,2
1058,17,UP,21,1
1059,24,DOWN,1,4
1060,12,DOWN,5,1
1061,16,DOWN,14,2
1062,4,UP,8,1
1063,1,UP,14,2
1064,1,UP,18,4
1065,1,UP,15,1
1066,6,UP,20,5
1067,12,DOWN,6,1
1068,4,UP,10,1
1069,17,DOWN,5,2
1070,21,DOWN,17,1
1071,14,DOWN,5,5
1072,4,UP,17,6
1073,24,DOWN,14,4
1074,10,UP,23,6
1075,7,UP,15,3
1076,17,UP,20,1
1077,17,DOWN,5,4
1078,15,DOWN,9,1
1079,1,UP,11,5
1080,18,DOWN,17,4
1081,1,UP,9,4
1082,17,UP,23,4
1083,4,UP,15,5
1084,24,DOWN,11,1
1085,23,DOWN,4,2
1086,7,DOWN,6,3
1087,15,DOWN,6,3
1088,1,UP,15,6
1089,5,DOWN,1,4
1090,4,UP,21,2
1091,20,DOWN,13,5
1092,24,DOWN,16,1
1093,11,UP,21,4
1094,24,DOWN,13,1
1095,8,UP,13,1
1096,8,UP,19,3
1097,20,UP,23,2
1098,2,UP,14,2
1099,14,DOWN,10,6
1100,16,DOWN,1,5
1101,14,DOWN,10,3
1102,2,DOWN,1,2
1103,16,DOWN,1,2
1104,17,UP,23,1
1105,2,UP,16,4
1106,18,DOWN,14,3
1107,10,UP,17,1
1108,3,UP,11,1
1109,21,DOWN,17,2
1110,12,DOWN,2,6
1111,16,DOWN,4,4
1112,6,UP,17,6
1113,1,UP,23,1
1114,8,UP,9,2
1115,5,UP,19,1
1116,24,DOWN,8,6
1117,24,DOWN,11,3
1118,19,UP,21,4
1119,13,DOWN,9,1
1120,21,DOWN,4,3
1121,11,DOWN,3,3
1122,3,DOWN,1,6
1123,15,UP,23,4
1124,10,DOWN,7,4
1125,17,DOWN,3,6
1126,5,DOWN,3,3
1127,18,DOWN,9,3
1128,19,UP,22,4
1129,17,DOWN,6,3
1130,20,DOWN,11,6
1131,22,DOWN,19,2
1132,5,UP,21,6
1133,8,DOWN,3,6
1134,18,DOWN,12,5
1135,19,DOWN,7,3
1136,2,UP,10,2
1137,10,UP,12,4
1138,23,DOWN,14,1
1139,15,UP,19,5
1140,6,UP,11,2
1141,11,UP,13,4
1142,11,UP,14,5
1143,18,DOWN,6,5
1144,15,DOWN,1,3
1145,10,UP,18,3
1146,12,UP,13,2
1147,15,DOWN,3,4
1148,19,UP,21,2
1149,24,DOWN,6,2
1150,7,UP,14,2
1151,1,UP,16,2
1152,7,UP,19,1
1153,17,UP,19,4
1154,24,DOWN,4,5
1155,22,DOWN,12,1
1156,5,UP,13,1
1157,6,DOWN,5,3
1158,20,UP,22,4
1159,8,UP,11,3
1160,3,UP,7,2
1161,6,UP,20,4
1162,6,UP,24,2
1163,15,UP,23,3
1164,24,DOWN,11,5
1165,22,DOWN,3,3
1166,6,UP,15,5
1167,4,DOWN,1,4
1168,1,UP,3,6
1169,2,UP,5,5
1170,6,UP,17,5
1171,13,UP,22,6
1172,1,UP,5,4
1173,15,DOWN,6,4
1174,23,DOWN,7,2
1175,17,UP,22,5
1176,6,UP,23,1
1177,23,UP,24,1
1178,1,UP,8,6
1179,1,UP,14,3
1180,8,UP,22,6
1181,12,DOWN,4,4
1182,19,DOWN,15,5
1183,13,DOWN,6,1
1184,8,UP,22,3
1185,23,DOWN,16,2
1186,9,UP,11,4
1187,18,DOWN,16,6
1188,16,DOWN,2,3
1189,7,UP,22,4
1190,8,UP,15,3
1191,22,UP,23,5
1192,13,DOWN,7,6
1193,24,DOWN,15,4
1194,13,UP,17,2
1195,3,UP,11,6
1196,17,DOWN,15,3
1197,7,DOWN,5,1
1198,5,UP,13,6
1199,10,UP,17,5
1200,2,UP,16,5
1201,6,UP,16,4
1202,15,UP,21,3
1203,9,UP,15,2
1204,12,DOWN,1,2
1205,17,DOWN,9,1
1206,17,DOWN,7,1
1207,18,DOWN,2,5
1208,18,DOWN,3,4
1209,20,DOWN,4,6
1210,2,UP,8,4
1211,19,DOWN,7,2
1212,1,UP,11,6
1213,1,UP,2,5
1214,4,UP,23,3
1215,7,DOWN,4,3
1216,12,UP,13,2
1217,7,UP,8,6
1218,12,UP,18,3
1219,20,DOWN,2,6
1220,21,DOWN,2,3
1221,17,DOWN,5,2
1222,15,DOWN,4,2
1223,5,UP,20,1
1224,11,UP,23,1
1225,11,DOWN,2,5
1226,11,UP,24,5
1227,16,DOWN,7,1
1228,1,UP,2,6
1229,13,DOWN,5,3
1230,1,UP,2,3
1231,10,UP,21,3
1232,5,UP,21,4
1233,15,DOWN,13,5
1234,22,DOWN,1,1
1235,10,DOWN,1,2
1236,7,UP,22,4
1237,13,UP,16,4
1238,18,DOWN,1,5
1239,15,UP,19,5
1240,2,UP,20,6
1241,20,DOWN,11,4
1242,2,UP,5,5
1243,7,UP,12,4
1244,23,UP,24,5
1245,11,UP,22,4
1246,15,UP,22,4
1247,18,DOWN,14,3
1248,8,DOWN,5,5
1249,23,DOWN,11,3
1250,6,UP,20,5
1251,22,DOWN,12,2
1252,12,DOWN,9,2
1253,5,UP,7,1
1254,19,DOWN,6,3
1255,21,DOWN,9,5
1256,5,UP,23,4
1257,11,DOWN,7,1
1258,8,UP,10,3
1259,20,DOWN,8,6
1260,2,UP,6,2
1261,2,UP,22,6
1262,16,UP,22,3
1263,13,DOWN,6,6
1264,7,DOWN,3,3
1265,22,DOWN,10,5
1266,15,DOWN,2,4
1267,7,DOWN,4,6
1268,19,DOWN,12,5
1269,3,UP,6,5
1270,6,UP,16,2
1271,2,UP,15,5
1272,22,UP,23,6
1273,8,DOWN,1,3
1274,11,UP,24,3
1275,16,DOWN,5,2
1276,4,UP,7,5
1277,17,DOWN,4,2
1278,20,DOWN,16,2
1279,6,UP,9,6
1280,20,DOWN,2,1
1281,11,UP,22,2
1282,17,UP,20,1
1283,18,UP,19,2
1284,11,UP,14,5
1285,11,UP,22,1
1286,2,UP,3,2
1287,21,DOWN,6,3
1288,10,UP,16,3
1289,3,UP,9,4
1290,1,UP,6,3
1291,7,DOWN,4,3
1292,1,UP,5,5
1293,14,DOWN,9,6
1294,11,DOWN,10,6
1295,15,DOWN,5,3
1296,24,DOWN,18,2
1297,19,DOWN,13,6
1298,19,UP,22,6
1299,18,DOWN,1,2
1300,22,DOWN,1,6
1301,20,DOWN,4,6
1302,6,UP,21,5
1303,23,DOWN,12,4
1304,11,UP,14,5
1305,2,UP,12,4
1306,5,UP,21,5
1307,15,DOWN,5,3
1308,18,DOWN,4,5
1309,23,DOWN,1,3
1310,3,UP,10,1
1311,16,DOWN,2,3
1312,14,UP,16,3
1313,2,UP,5,1
1314,10,UP,11,3
1315,2,UP,12,5
1316,6,UP,23,4
1317,24,DOWN,18,3
1318,7,UP,21,6
1319,3,UP,20,5
1320,20,DOWN,11,1
1321,9,UP,24,5
1322,14,DOWN,2,3
1323,18,DOWN,6,4
1324,1,UP,5,4
1325,22,DOWN,6,5
1326,15,DOWN,9,6
1327,9,UP,16,4
1328,23,DOWN,14,6
1329,8,UP,24,6
1330,12,UP,14,3
1331,13,DOWN,7,6
1332,19,UP,22,1
1333,13,DOWN,5,6
1334,15,DOWN,2,3
1335,8,DOWN,7,4
1336,14,UP,18,5
1337,18,DOWN,6,1
1338,13,DOWN,11,1
1339,13,UP,14,6
1340,9,DOWN,7,6
1341,16,DOWN,2,4
1342,15,DOWN,13,5
1343,3,UP,6,2
1344,6,UP,21,1
1345,22,UP,24,6
1346,22,DOWN,12,3
1347,7,DOWN,2,6
1348,1,UP,2,6
1349,19,DOWN,6,6
1350,1,UP,14,1
1351,24,DOWN,7,3
1352,7,UP,14,5
1353,5,UP,11,6
1354,14,DOWN,1,2
1355,9,UP,22,6
1356,21,DOWN,1,5
1357,2,UP,10,2
1358,13,DOWN,8,1
1359,8,DOWN,3,2
1360,6,UP,20,5
1361,23,DOWN,6,2
1362,22,UP,24,4
1363,24,DOWN,22,1
1364,12,UP,19,4
1365,24,DOWN,19,3
1366,10,UP,23,2
1367,16,DOWN,2,1
1368,10,DOWN,8,1
1369,9,UP,14,5
1370,12,DOWN,8,6
1371,6,UP,13,1
1372,12,DOWN,7,2
1373,9,UP,16,3
1374,10,UP,14,1
1375,8,UP,21,3
1376,8,UP,22,3
1377,8,UP,14,5
1378,8,DOWN,5,2
1379,13,UP,19,5
1380,17,DOWN,4,1
1381,5,UP,13,5
1382,9,DOWN,2,1
1383,11,UP,15,4
1384,15,UP,19,4
1385,21,UP,23,2
1386,3,UP,10,3
1387,10,DOWN,8,1
1388,7,UP,16,5
1389,15,UP,22,6
1390,14,DOWN,7,1
1391,22,DOWN,5,1
1392,3,UP,7,2
1393,5,DOWN,3,4
1394,24,DOWN,22,6
1395,18,UP,21,5
1396,15,UP,20,1
1397,5,UP,18,1
1398,17,DOWN,6,4
1399,16,DOWN,8,6
1400,17,UP,21,3
1401,4,UP,21,6
1402,14,DOWN,3,2
1403,14,DOWN,1,2
1404,19,UP,20,1
1405,12,DOWN,11,6
1406,20,UP,24,1
1407,3,UP,9,1
1408,16,UP,17,3
1409,20,DOWN,4,4
1410,19,DOWN,2,4
1411,8,UP,17,5
1412,15,DOWN,13,3
1413,21,DOWN,11,4
1414,4,DOWN,1,2
1415,2,UP,19,1
1416,16,UP,17,2
1417,21,UP,24,5
1418,17,DOWN,1,3
1419,20,DOWN,13,4
1420,9,UP,21,1
1421,19,DOWN,15,3
1422,8,UP,14,5
1423,10,UP,19,6
1424,12,DOWN,5,6
1425,18,DOWN,4,1
1426,6,UP,12,1
1427,16,DOWN,9,1
1428,23,DOWN,11,5
1429,20,UP,23,2
1430,13,DOWN,10,5
1431,1,UP,10,2
1432,9,DOWN,3,4
1433,22,DOWN,15,4
1434,12,UP,14,2
1435,14,DOWN,8,3
1436,9,UP,11,4
1437,24,DOWN,5,3
1438,15,DOWN,12,1
1439,21,DOWN,1,5
1440,10,UP,22,5
1441,24,DOWN,21,3
1442,18,DOWN,13,5
1443,5,UP,11,2
1444,8,DOWN,5,5
1445,1,UP,21,2
1446,11,DOWN,1,5
1447,20,DOWN,17,2
1448,17,UP,22,1
1449,5,UP,12,2
1450,15,DOWN,4,5
1451,13,DOWN,7,4
1452,19,DOWN,2,4
1453,24,DOWN,22,1
1454,11,DOWN,1,6
1455,6,UP,13,1
1456,2,UP,5,6
1457,14,UP,18,5
1458,2,UP,23,5
1459,23,DOWN,21,6
1460,12,DOWN,8,5
1461,19,DOWN,1,4
1462,23,DOWN,2,2
1463,22,DOWN,2,1
1464,19,DOWN,10,5
1465,9,UP,12,1
1466,14,UP,16,3
1467,24,DOWN,15,5
1468,14,UP,20,6
1469,15,UP,16,2
1470,21,DOWN,12,1
1471,17,DOWN,15,1
1472,21,DOWN,11,5
1473,13,DOWN,8,1
1474,9,UP,16,6
1475,20,DOWN,7,2
1476,16,DOWN,9,2
1477,4,UP,23,3
1478,23,DOWN,4,5
1479,21,UP,22,5
1480,19,DOWN,4,4
1481,3,UP,17,2
1482,2,UP,20,4
1483,19,DOWN,13,5
1484,23,DOWN,8,6
1485,14,DOWN,5,5
1486,3,UP,15,4
1487,11,UP,16,4
1488,16,DOWN,8,3
1489,23,DOWN,9,6
1490,9,UP,10,1
1491,16,DOWN,1,4
1492,6,DOWN,1,3
1493,3,UP,19,5
1494,11,DOWN,1,2
1495,12,DOWN,1,3
1496,11,UP,18,4
1497,7,UP,11,3
1498,2,UP,14,3
1499,11,UP,17,6
1500,18,DOWN,15,6
1501,2,UP,15,5
1502,18,DOWN,5,1
1503,23,DOWN,10,2
1504,23,DOWN,15,3
1505,2,UP,21,5
1506,6,UP,13,1
1507,1,UP,23,1
1508,5,UP,11,5
1509,23,DOWN,1,6
1510,7,UP,8,1
1511,4,UP,6,1
1512,5,UP,19,2
1513,11,DOWN,10,3
1514,2,UP,20,5
1515,16,DOWN,6,1
1516,19,DOWN,1,5
1517,1,UP,19,4
1518,15,DOWN,5,6
1519,12,UP,15,5
1520,17,UP,21,5
1521,11,DOWN,4,6
1522,23,DOWN,14,3
1523,3,UP,18,5
1524,13,DOWN,4,6
1525,4,UP,19,2
1526,16,UP,22,2
1527,15,DOWN,3,1
1528,13,DOWN,2,4
1529,6,UP,7,1
1530,20,DOWN,18,3
1531,10,UP,17,5
1532,17,DOWN,15,4
1533,12,DOWN,1,6
1534,15,DOWN,5,6
1535,19,UP,21,5
1536,18,UP,22,5
1537,7,DOWN,2,3
1538,19,DOWN,3,5
1539,5,UP,15,4
1540,1,UP,10,6
1541,6,UP,21,5
1542,22,DOWN,5,4
1543,18,DOWN,15,4
1544,13,DOWN,2,6
1545,2,UP,6,5
1546,17,UP,20,6
1547,17,UP,22,3
1548,6,UP,14,6
1549,15,DOWN,9,6
1550,18,UP,23,4
1551,23,DOWN,16,4
1552,16,UP,23,1
1553,13,DOWN,12,5
1554,20,DOWN,1,4
1555,2,UP,8,4
1556,21,DOWN,8,6
1557,19,DOWN,18,2
1558,7,UP,19,1
1559,2,UP,9,1
1560,12,DOWN,5,3
1561,12,UP,21,6
1562,14,UP,21,1
1563,5,DOWN,4,3
1564,10,UP,12,3
1565,4,UP,17,5
1566,12,UP,20,3
1567,2,UP,12,2
1568,16,UP,21,4
1569,6,UP,12,4
1570,22,DOWN,3,3
1571,15,UP,19,6
1572,12,UP,17,6
1573,18,UP,23,4
1574,9,UP,23,2
1575,11,UP,19,1
1576,4,UP,11,3
1577,17,DOWN,4,5
1578,2,UP,9,6
1579,12,DOWN,7,2
1580,6,UP,9,6
1581,4,UP,24,2
1582,2,UP,20,6
1583,19,DOWN,16,3
1584,7,UP,13,6
1585,19,UP,20,5
1586,12,UP,22,5
1587,18,DOWN,6,1
1588,6,UP,18,5
1589,1,UP,8,3
1590,21,UP,22,3
1591,7,DOWN,5,2
1592,12,UP,20,6
1593,10,DOWN,4,3
1594,15,UP,19,2
1595,13,UP,16,5
1596,16,UP,24,4
1597,13,UP,24,3
1598,15,DOWN,1,4
1599,23,DOWN,20,5
1600,6,UP,21,4
1601,8,UP,18,3
1602,8,UP,10,6
1603,12,UP,17,2
1604,13,DOWN,6,5
1605,12,UP,23,1
1606,19,UP,22,5
1607,5,UP,14,5
1608,4,UP,12,2
1609,20,UP,21,6
1610,14,DOWN,8,4
1611,24,DOWN,15,6
1612,18,DOWN,6,3
1613,18,DOWN,16,6
1614,17,UP,18,1
1615,8,UP,9,2
1616,17,DOWN,14,1
1617,19,DOWN,15,3
1618,13,UP,21,5
1619,14,DOWN,8,4
1620,2,UP,19,2
1621,20,DOWN,14,6
1622,23,DOWN,13,5
1623,13,UP,23,2
1624,11,DOWN,2,2
1625,24,DOWN,1,5
1626,11,UP,13,2
1627,23,DOWN,20,1
1628,17,DOWN,7,3
1629,3,UP,12,5
1630,6,UP,16,4
1631,22,DOWN,5,5
1632,18,UP,20,1
1633,7,UP,8,4
1634,24,DOWN,17,1
1635,16,UP,20,5
1636,14,UP,21,2
1637,13,UP,22,5
1638,21,DOWN,4,2
1639,24,DOWN,23,5
1640,6,UP,12,3
1641,11,UP,23,5
1642,7,UP,10,5
1643,14,DOWN,10,3
1644,10,UP,21,4
1645,18,UP,22,6
1646,4,UP,16,3
1647,13,DOWN,3,1
1648,5,UP,23,1
1649,18,DOWN,15,5
1650,10,UP,11,1
1651,17,UP,18,5
1652,22,DOWN,5,3
1653,14,DOWN,3,5
1654,16,DOWN,2,3
1655,5,UP,11,4
1656,14,UP,19,4
1657,8,UP,18,6
1658,12,UP,13,1
1659,10,DOWN,6,5
1660,8,UP,16,5
1661,8,DOWN,3,3
1662,3,UP,12,4
1663,8,UP,21,3
1664,5,UP,6,5
1665,14,DOWN,2,6
1666,16,UP,20,1
1667,6,UP,9,4
1668,10,UP,14,3
1669,9,DOWN,5,5
1670,12,DOWN,4,4
1671,12,DOWN,9,6
1672,8,UP,15,4
1673,23,DOWN,12,6
1674,6,UP,8,5
1675,12,DOWN,7,4
1676,8,UP,13,6
1677,4,UP,8,4
1678,2,UP,14,3
1679,3,UP,14,5
1680,24,DOWN,8,3
1681,13,UP,22,3
1682,3,UP,17,6
1683,16,DOWN,10,2
1684,24,DOWN,1,1
1685,1,UP,3,6
1686,18,DOWN,7,6
1687,15,DOWN,10,4
1688,3,UP,16,2
1689,6,DOWN,1,5
1690,4,UP,17,5
1691,21,DOWN,13,3
1692,10,UP,23,3
1693,12,UP,14,1
1694,6,UP,16,2
1695,2,UP,8,2
1696,1,UP,6,5
1697,11,DOWN,6,6
1698,21,DOWN,3,3
1699,3,UP,22,1
1700,23,DOWN,14,4
1701,14,UP,17,1
1702,6,DOWN,3,6
1703,5,UP,12,6
1704,23,DOWN,11,6
1705,18,DOWN,4,4
1706,21,DOWN,15,4
1707,18,UP,21,1
1708,3,UP,16,2
1709,8,UP,21,1
1710,7,UP,17,2
1711,2,UP,13,4
1712,13,UP,16,2
1713,5,UP,6,2
1714,7,DOWN,4,1
1715,5,UP,9,4
1716,4,UP,8,6
1717,17,DOWN,15,4
1718,3,UP,6,3
1719,24,DOWN,16,4
1720,9,DOWN,7,3
1721,18,UP,22,1
1722,24,DOWN,9,5
1723,6,UP,19,1
1724,16,UP,18,6
1725,18,DOWN,17,5
1726,13,DOWN,8,3
1727,4,DOWN,2,3
1728,3,DOWN,1,5
1729,8,UP,9,2
1730,9,DOWN,4,5
1731,8,UP,14,5
1732,6,UP,11,6
1733,13,DOWN,5,5
1734,1,UP,22,6
1735,7,DOWN,5,5
1736,19,DOWN,6,1
1737,7,DOWN,1,2
1738,8,UP,9,5
1739,23,DOWN,18,4
1740,12,DOWN,8,6
1741,13,DOWN,4,2
1742,3,UP,21,5
1743,9,UP,12,3
1744,20,DOWN,4,1
1745,9,DOWN,6,3
1746,14,DOWN,2,5
1747,13,DOWN,2,6
1748,5,DOWN,2,3
1749,8,UP,16,3
1750,20,DOWN,3,3
1751,23,DOWN,15,5
1752,17,DOWN,9,3
1753,20,UP,22,3
1754,2,UP,8,3
1755,16,DOWN,11,6
1756,21,DOWN,8,3
1757,5,DOWN,1,3
1758,20,DOWN,3,5
1759,15,DOWN,11,4
1760,3,UP,9,6
1761,21,DOWN,18,1
1762,24,DOWN,17,2
1763,13,UP,15,5
1764,9,UP,22,6
1765,17,DOWN,14,5
1766,12,UP,20,3
1767,22,DOWN,9,3
1768,7,UP,13,4
1769,24,DOWN,16,1
1770,24,DOWN,19,2
1771,14,UP,18,1
1772,13,DOWN,12,2
1773,18,DOWN,13,2
1774,22,DOWN,14,1
1775,15,DOWN,3,6
1776,3,UP,23,6
1777,7,UP,21,4
1778,7,DOWN,2,2
1779,24,DOWN,16,1
1780,6,UP,14,1
1781,16,DOWN,1,5
1782,13,UP,24,1
1783,23,DOWN,14,5
1784,21,DOWN,7,2
1785,9,UP,16,4
1786,11,UP,19,4
1787,24,DOWN,2,3
1788,20,DOWN,3,1
1789,20,DOWN,14,3
1790,11,UP,23,1
1791,18,DOWN,2,3
1792,18,DOWN,8,1
1793,13,DOWN,11,6
1794,23,DOWN,18,3
1795,21,DOWN,14,2
1796,19,DOWN,7,4
1797,13,UP,23,1
1798,14,UP,24,6
1799,17,DOWN,6,3
1800,22,DOWN,4,1
1801,17,DOWN,9,6
1802,2,UP,7,1
1803,10,DOWN,9,3
1804,12,UP,20,5
1805,15,UP,18,6
1806,24,DOWN,21,6
1807,8,DOWN,3,6
1808,11,DOWN,2,6
1809,20,DOWN,6,4
1810,17,DOWN,4,1
1811,5,UP,14,2
1812,17,DOWN,16,5
1813,11,DOWN,8,3
1814,19,DOWN,12,3
1815,6,UP,9,2
1816,4,DOWN,2,2
1817,14,DOWN,2,5
1818,21,UP,24,6
1819,18,UP,22,2
1820,5,UP,9,6
1821,6,DOWN,1,4
1822,13,UP,14,2
1823,21,DOWN,16,5
1824,15,UP,23,3
1825,17,UP,18,1
1826,4,UP,14,1
1827,23,UP,24,6
1828,16,DOWN,12,6
1829,3,UP,5,6
1830,1,UP,24,5
1831,3,UP,24,4
1832,6,UP,17,3
1833,6,DOWN,2,1
1834,3,DOWN,2,2
1835,18,DOWN,14,2
1836,21,DOWN,3,6
1837,11,UP,19,1
1838,4,UP,6,6
1839,17,DOWN,9,2
1840,10,DOWN,2,1
1841,14,UP,23,4
1842,12,DOWN,1,5
1843,12,UP,18,2
1844,24,DOWN,8,5
1845,9,UP,23,2
1846,24,DOWN,14,3
1847,10,DOWN,1,4
1848,13,DOWN,6,2
1849,15,UP,17,1
1850,22,DOWN,2,3
1851,6,UP,10,5
1852,7,UP,10,3
1853,18,DOWN,7,2
1854,16,DOWN,9,6
1855,23,DOWN,3,5
1856,9,UP,21,3
1857,7,UP,20,4
1858,18,DOWN,14,1
1859,23,DOWN,20,4
1860,12,UP,17,5
1861,21,DOWN,3,6
1862,8,UP,9,2
1863,7,UP,19,1
1864,12,UP,23,5
1865,22,DOWN,3,4
1866,8,UP,17,6
1867,4,UP,9,4
1868,16,UP,21,4
1869,20,DOWN,3,6
1870,16,DOWN,1,4
1871,19,DOWN,6,2
1872,13,UP,14,2
1873,21,DOWN,14,2
1874,13,UP,24,4
1875,15,DOWN,13,3
1876,16,UP,20,4
1877,10,UP,19,5
1878,9,DOWN,1,6
1879,10,DOWN,4,5
1880,15,DOWN,8,3
1881,10,UP,20,5
1882,23,DOWN,1,5
1883,17,UP,20,4
1884,11,UP,18,6
1885,12,UP,17,1
1886,13,DOWN,8,6
1887,18,UP,24,1
1888,11,DOWN,4,2
1889,18,UP,24,6
1890,22,UP,23,6
1891,17,DOWN,5,5
1892,16,DOWN,8,5
1893,11,UP,17,4
1894,24,DOWN,18,5
1895,22,DOWN,7,1
1896,9,UP,11,3
1897,22,DOWN,18,5
1898,12,UP,17,1
1899,9,DOWN,3,3
1900,22,DOWN,5,5
1901,20,DOWN,1,6
1902,6,UP,21,4
1903,10,UP,19,4
1904,10,UP,21,6
1905,14,DOWN,2,1
1906,21,DOWN,5,2
1907,20,UP,22,1
1908,9,UP,19,6
1909,7,UP,22,6
1910,24,DOWN,13,3
1911,22,DOWN,19,6
1912,5,UP,11,1
1913,14,DOWN,12,6
1914,5,UP,23,3
1915,11,UP,22,5
1916,9,DOWN,1,6
1917,5,UP,14,1
1918,20,DOWN,11,2
1919,7,UP,15,1
1920,18,UP,23,5
1921,12,DOWN,9,2
1922,16,UP,22,6
1923,5,UP,24,3
1924,10,UP,22,4
1925,9,DOWN,6,1
1926,22,DOWN,16,1
1927,18,DOWN,3,2
1928,15,DOWN,1,1
1929,22,DOWN,14,1
1930,18,DOWN,6,2
1931,8,DOWN,5,2
1932,19,DOWN,16,3
1933,8,UP,22,5
1934,3,UP,9,4
1935,9,UP,20,4
1936,18,DOWN,17,3
1937,21,DOWN,17,3
1938,10,UP,15,6
1939,14,DOWN,9,1
1940,6,UP,24,5
1941,16,DOWN,12,2
1942,8,UP,14,5
1943,11,DOWN,10,4
1944,9,DOWN,1,3
1945,1,UP,13,2
1946,20,DOWN,12,1
1947,7,UP,21,4
1948,18,UP,19,6
1949,1,UP,2,5
1950,7,UP,9,2
1951,6,DOWN,4,2
1952,24,DOWN,3,6
1953,15,UP,18,4
1954,18,UP,23,3
1955,5,UP,14,6
1956,5,DOWN,1,1
1957,10,UP,23,6
1958,8,UP,16,6
1959,10,DOWN,9,5
1960,4,UP,12,4
1961,8,UP,23,5
1962,19,DOWN,7,6
1963,13,DOWN,2,5
1964,22,DOWN,19,2
1965,22,DOWN,12,3
1966,19,DOWN,7,1
1967,16,DOWN,7,2
1968,15,DOWN,13,6
1969,24,DOWN,3,5
1970,4,UP,12,3
1971,6,UP,7,2
1972,23,DOWN,10,4
1973,22,DOWN,7,1
1974,3,UP,11,6
1975,9,UP,18,6
1976,17,DOWN,2,1
1977,13,UP,18,2
1978,17,DOWN,8,4
1979,4,UP,7,4
1980,2,UP,23,6
1981,14,DOWN,4,4
1982,20,UP,22,4
1983,3,UP,12,3
1984,4,UP,21,2
1985,2,UP,15,4
1986,11,UP,17,6
1987,9,DOWN,4,2
1988,3,UP,16,1
1989,21,DOWN,6,2
1990,14,DOWN,12,1
1991,17,UP,23,5
1992,11,DOWN,1,3
1993,4,UP,8,5
1994,24,DOWN,2,4
1995,7,DOWN,4,2
1996,11,DOWN,6,3
1997,24,DOWN,11,5
1998,15,UP,19,4
1999,1,UP,19,5
2000,14,UP,20,2
2001,7,DOWN,4,4
2002,6,UP,14,2
2003,22,DOWN,1,4
2004,10,DOWN,5,2
2005,7,UP,10,6
2006,22,UP,24,1
2007,19,DOWN,10,6
2008,19,UP,20,6
2009,14,DOWN,7,6
2010,2,UP,17,5
2011,19,UP,22,4
2012,24,DOWN,11,5
2013,6,UP,23,5
2014,6,UP,7,6
2015,16,UP,20,1
2016,18,DOWN,12,5
2017,18,DOWN,13,1
2018,2,UP,3,2
2019,5,DOWN,1,1
2020,23,DOWN,3,6
2021,3,UP,4,4
2022,6,DOWN,4,3
2023,23,DOWN,4,4
2024,23,DOWN,10,4
2025,24,DOWN,6,3
2026,7,UP,11,1
2027,9,DOWN,3,3
2028,22,DOWN,11,1
2029,15,UP,24,1
2030,18,DOWN,10,4
2031,21,UP,23,3
2032,23,DOWN,8,5
2033,24,DOWN,9,5
2034,23,UP,24,6
2035,13,UP,21,1
2036,13,DOWN,4,6
2037,13,DOWN,10,6
2038,13,DOWN,12,1
2039,6,UP,24,5
2040,14,DOWN,4,3
2041,10,DOWN,8,4
2042,2,UP,20,2
2043,21,DOWN,4,3
2044,4,UP,9,4
2045,24,DOWN,23,5
2046,16,DOWN,6,1
2047,2,UP,23,3
2048,1,UP,22,5
2049,4,UP,10,2
2050,9,UP,22,5
2051,22,DOWN,6,6
2052,15,DOWN,7,1
2053,10,DOWN,3,2
2054,18,UP,23,3
2055,22,DOWN,21,2
2056,24,DOWN,4,6
2057,15,DOWN,3,6
2058,16,UP,24,4
2059,4,UP,6,3
2060,21,DOWN,4,6
2061,2,UP,11,1
2062,11,DOWN,2,2
2063,19,DOWN,15,6
2064,19,DOWN,2,5
2065,12,DOWN,6,5
2066,1,UP,2,4
2067,22,UP,23,1
2068,13,DOWN,2,4
2069,21,UP,23,3
2070,1,UP,23,5
2071,14,UP,15,3
2072,2,UP,21,5
2073,24,DOWN,1,4
2074,20,DOWN,14,1
2075,22,DOWN,7,2
2076,3,UP,21,3
2077,24,DOWN,11,2
2078,22,DOWN,8,3
2079,18,DOWN,13,3
2080,7,UP,17,6
2081,15,DOWN,6,2
2082,17,DOWN,15,2
2083,1,UP,2,6
2084,5,UP,20,2
2085,15,DOWN,11,1
2086,12,DOWN,3,3
2087,15,DOWN,7,2
2088,8,UP,12,3
2089,10,UP,13,4
2090,13,UP,22,6
2091,17,DOWN,2,5
2092,7,UP,22,6
2093,19,DOWN,13,6
2094,15,DOWN,8,1
2095,11,DOWN,6,2
2096,14,DOWN,3,4
2097,11,UP,15,4
2098,8,UP,12,6
2099,15,DOWN,10,6
2100,3,UP,12,3
2101,18,UP,22,3
2102,6,UP,19,4
2103,12,DOWN,11,2
2104,10,UP,13,6
2105,15,UP,19,5
2106,17,DOWN,12,4
2107,1,UP,14,1
2108,10,DOWN,9,5
2109,13,DOWN,4,6
2110,11,UP,21,3
2111,14,DOWN,5,2
2112,17,DOWN,10,3
2113,3,UP,15,2
2114,4,UP,18,6
2115,5,DOWN,2,2
2116,19,DOWN,6,1
2117,6,UP,18,2
2118,24,DOWN,17,5
2119,9,UP,13,1
2120,5,UP,20,3
2121,4,UP,5,1
2122,22,DOWN,18,4
2123,8,UP,17,6
2124,18,DOWN,1,5
2125,15,UP,23,6
2126,16,DOWN,10,4
2127,1,UP,9,2
2128,9,UP,16,2
2129,7,UP,15,2
2130,24,DOWN,23,2
2131,7,UP,23,6
2132,7,UP,20,2
2133,3,UP,21,3
2134,19,UP,20,3
2135,15,DOWN,13,2
2136,22,DOWN,11,6
2137,11,UP,12,6
2138,12,UP,17,3
2139,21,UP,24,4
2140,13,UP,14,5
2141,8,UP,16,4
2142,24,DOWN,8,4
2143,23,DOWN,10,1
2144,3,DOWN,2,5
2145,17,UP,19,5
2146,23,DOWN,11,6
2147,23,DOWN,16,5
2148,9,UP,16,6
2149,15,UP,18,2
2150,11,DOWN,10,6
2151,17,UP,24,2
2152,12,UP,16,4
2153,9,UP,24,6
2154,7,UP,24,6
2155,20,UP,22,3
2156,12,DOWN,5,2
2157,2,UP,20,4
2158,5,UP,6,3
2159,4,UP,18,3
2160,21,DOWN,9,6
2161,14,DOWN,4,4
2162,5,UP,16,2
2163,6,UP,8,2
2164,23,DOWN,9,1
2165,21,DOWN,5,4
2166,15,DOWN,3,2
2167,13,DOWN,5,3
2168,11,DOWN,10,5
2169,7,UP,21,5
2170,13,DOWN,1,5
2171,9,UP,18,5
2172,13,DOWN,10,1
2173,21,DOWN,8,1
2174,23,DOWN,12,4
2175,7,UP,16,4
2176,24,DOWN,4,5
2177,9,DOWN,3,2
2178,2,UP,15,2
2179,10,UP,15,2
2180,11,UP,18,1
2181,4,UP,24,5
2182,7,DOWN,2,6
2183,17,DOWN,12,1
2184,14,UP,23,3
2185,22,UP,23,1
2186,21,DOWN,4,2
2187,2,UP,22,6
2188,17,DOWN,12,1
2189,20,DOWN,14,2
2190,12,DOWN,4,6
2191,4,UP,15,6
2192,23,DOWN,21,2
2193,5,UP,7,4
2194,9,UP,18,1
2195,1,UP,24,3
2196,18,UP,24,2
2197,21,DOWN,19,2
2198,22,DOWN,10,2
2199,3,DOWN,1,4
2200,8,DOWN,1,2
2201,15,DOWN,8,2
2202,22,DOWN,21,3
2203,4,UP,5,3
2204,16,UP,23,4
2205,12,DOWN,4,6
2206,15,UP,17,4
2207,8,UP,13,4
2208,7,UP,10,1
2209,6,UP,16,2
2210,6,UP,18,2
2211,12,DOWN,11,6
2212,11,UP,17,4
2213,14,UP,17,3
2214,17,UP,22,6
2215,5,UP,15,6
2216,9,UP,24,2
2217,14,DOWN,5,6
2218,18,DOWN,7,3
2219,14,DOWN,3,6
2220,18,DOWN,16,4
2221,7,UP,10,5
2222,19,DOWN,8,6
2223,5,UP,21,3
2224,5,UP,15,4
2225,8,DOWN,6,4
2226,15,DOWN,8,5
2227,15,DOWN,8,3
2228,24,DOWN,11,5
2229,19,UP,23,3
2230,19,DOWN,13,3
2231,20,UP,21,6
2232,22,DOWN,6,4
2233,11,UP,15,4
2234,14,UP,17,4
2235,17,DOWN,1,3
2236,16,UP,19,6
2237,20,DOWN,17,6
2238,1,UP,16,4
2239,5,UP,11,1
2240,18,DOWN,5,2
2241,5,UP,21,5
2242,9,UP,13,4
2243,23,DOWN,15,1
2244,16,UP,21,1
2245,6,UP,19,6
2246,21,DOWN,6,1
2247,8,UP,10,3
2248,14,DOWN,2,4
2249,3,UP,15,1
2250,10,DOWN,8,5
2251,14,DOWN,2,3
2252,13,DOWN,3,6
2253,8,UP,23,6
2254,17,DOWN,1,3
2255,11,DOWN,4,2
2256,15,UP,22,4
2257,21,DOWN,11,6
2258,5,UP,7,3
2259,12,DOWN,2,4
2260,15,DOWN,2,4
2261,10,UP,18,4
2262,18,DOWN,15,6
2263,17,DOWN,1,1
2264,9,UP,18,6
2265,8,DOWN,7,3
2266,8,UP,13,4
2267,6,UP,23,5
2268,3,UP,20,1
2269,11,DOWN,5,3
2270,8,DOWN,2,1
2271,23,DOWN,14,1
2272,7,UP,24,5
2273,19,DOWN,16,4
2274,17,DOWN,6,1
2275,12,DOWN,2,6
2276,11,UP,24,4
2277,8,UP,21,4
2278,6,UP,19,3
2279,19,DOWN,17,4
2280,16,DOWN,5,1
2281,20,DOWN,11,5
2282,8,UP,23,1
2283,4,UP,20,3
2284,18,DOWN,2,4
2285,5,UP,11,4
2286,7,DOWN,2,2
2287,23,DOWN,20,2
2288,10,UP,15,1
2289,6,UP,11,1
2290,4,UP,17,4
2291,2,UP,14,1
2292,2,UP,5,5
2293,12,UP,23,2
2294,17,DOWN,16,5
2295,10,DOWN,8,4
2296,9,UP,13,1
2297,1,UP,22,4
2298,2,UP,13,4
2299,23,DOWN,13,4
2300,19,DOWN,14,5
2301,16,DOWN,12,2
2302,2,UP,24,3
2303,8,UP,20,3
2304,13,UP,22,6
2305,8,UP,19,4
2306,1,UP,9,6
2307,4,UP,19,2
2308,5,UP,15,3
2309,10,UP,15,5
2310,11,DOWN,1,3
2311,13,UP,18,1
2312,6,UP,20,4
2313,8,DOWN,6,2
2314,9,DOWN,3,5
2315,22,DOWN,2,4
2316,10,UP,24,5
2317,18,DOWN,17,3
2318,12,DOWN,4,5
2319,1,UP,5,5
2320,3,UP,12,5
2321,18,DOWN,4,3
2322,2,UP,4,4
2323,7,UP,8,2
2324,21,DOWN,1,4
2325,3,UP,22,3
2326,4,UP,19,3
2327,18,DOWN,16,4
2328,19,DOWN,18,4
2329,6,UP,22,3
2330,7,UP,19,6
2331,10,DOWN,7,1
2332,7,DOWN,6,1
2333,2,UP,5,3
2334,10,DOWN,3,4
2335,7,UP,13,2
2336,10,UP,15,3
2337,17,DOWN,6,1
2338,15,UP,16,6
2339,7,UP,14,4
2340,1,UP,13,1
2341,17,DOWN,7,4
2342,23,UP,24,3
2343,20,UP,21,1
2344,4,UP,17,5
2345,8,UP,15,3
2346,8,UP,15,3
2347,19,DOWN,17,4
2348,5,UP,15,3
2349,10,UP,21,1
2350,6,DOWN,1,4
2351,15,UP,18,5
2352,18,DOWN,11,1
2353,15,UP,18,3
2354,20,DOWN,16,1
2355,13,UP,24,4
2356,16,DOWN,12,1
2357,20,UP,21,5
2358,16,DOWN,2,5
2359,9,UP,15,1
2360,7,UP,19,2
2361,23,DOWN,2,5
2362,13,DOWN,10,2
2363,20,DOWN,13,6
2364,19,DOWN,18,3
2365,9,UP,10,5
2366,14,UP,22,2
2367,15,DOWN,7,1
2368,10,DOWN,5,6
2369,9,DOWN,7,3
2370,2,UP,10,2
2371,1,UP,11,4
2372,3,UP,20,4
2373,22,DOWN,2,2
2374,5,UP,20,1
2375,15,UP,23,3
2376,9,DOWN,5,3
2377,18,DOWN,3,3
2378,14,DOWN,5,1
2379,6,UP,12,4
2380,7,UP,21,4
2381,4,DOWN,2,2
2382,23,DOWN,6,4
2383,15,DOWN,9,6
2384,17,UP,22,1
2385,2,UP,16,1
2386,14,DOWN,6,5
2387,18,UP,19,3
2388,15,DOWN,4,6
2389,5,UP,14,4
2390,23,DOWN,2,5
2391,12,UP,24,3
2392,8,UP,17,3
2393,8,UP,21,1
2394,6,UP,7,3
2395,21,DOWN,1,2
2396,8,DOWN,2,4
2397,11,DOWN,6,4
2398,13,DOWN,8,2
2399,17,DOWN,12,2
2400,3,UP,19,3
2401,8,UP,20,4
2402,1,UP,16,3
2403,11,UP,24,5
2404,20,DOWN,9,1
2405,21,DOWN,10,1
2406,9,DOWN,7,1
2407,6,UP,12,6
2408,16,DOWN,8,4
2409,16,UP,17,6
2410,12,UP,17,1
2411,13,UP,21,2
2412,19,DOWN,3,5
2413,24,DOWN,18,6
2414,22,DOWN,9,6
2415,19,DOWN,2,2
2416,6,UP,18,4
2417,7,UP,12,2
2418,22,DOWN,13,4
2419,6,DOWN,5,1
2420,2,UP,6,1
2421,14,UP,17,5
2422,15,DOWN,2,5
2423,4,UP,9,3
2424,13,UP,16,1
2425,1,UP,2,1
2426,9,UP,24,5
2427,8,UP,11,4
2428,15,DOWN,9,5
2429,16,UP,21,6
2430,20,DOWN,16,1
2431,6,UP,15,2
2432,1,UP,3,6
2433,7,UP,24,3
2434,17,DOWN,1,2
2435,11,DOWN,7,3
2436,18,DOWN,12,6
2437,5,UP,11,3
2438,12,DOWN,10,6
2439,8,UP,18,3
2440,7,UP,20,2
2441,8,DOWN,7,1
2442,18,DOWN,9,2
2443,14,UP,23,4
2444,5,UP,13,5
2445,1,UP,22,5
2446,11,UP,17,4
2447,12,UP,21,1
2448,12,UP,23,2
2449,19,DOWN,15,6
2450,13,DOWN,10,4
2451,4,UP,9,3
2452,11,UP,22,3
2453,23,DOWN,8,6
2454,13,DOWN,11,5
2455,4,UP,19,2
2456,11,DOWN,4,3
2457,19,DOWN,7,4
2458,10,DOWN,1,3
2459,21,DOWN,5,3
2460,9,UP,10,6
2461,22,DOWN,18,3
2462,3,DOWN,2,6
2463,8,UP,11,3
2464,9,UP,17,4
2465,17,DOWN,11,5
2466,6,UP,20,6
2467,5,UP,23,2
2468,5,UP,8,6
2469,22,DOWN,19,1
2470,3,UP,17,1
2471,6,UP,23,1
2472,18,DOWN,11,1
2473,2,UP,16,1
2474,8,DOWN,7,1
2475,15,UP,24,4
2476,14,DOWN,8,5
2477,11,DOWN,5,5
2478,19,DOWN,2,6
2479,5,UP,22,6
2480,18,DOWN,6,3
2481,22,UP,23,3
2482,3,UP,18,4
2483,1,UP,12,2
2484,17,UP,22,4
2485,14,UP,17,6
2486,8,UP,24,2
2487,8,DOWN,7,4
2488,24,DOWN,13,6
2489,22,DOWN,16,1
2490,10,UP,17,6
2491,18,UP,20,6
2492,6,DOWN,3,1
2493,13,DOWN,8,3
2494,14,UP,23,1
2495,5,DOWN,1,1
2496,3,UP,19,4
2497,13,UP,14,5
2498,5,UP,15,6
2499,14,DOWN,9,2
2500,22,DOWN,15,2
2501,15,UP,16,6
2502,23,DOWN,20,3
2503,20,UP,24,2
2504,6,UP,23,6
2505,13,UP,15,2
2506,20,DOWN,15,2
2507,9,DOWN,7,4
2508,19,DOWN,7,2
2509,4,UP,21,2
2510,3,UP,8,3
2511,6,UP,9,3
2512,14,UP,18,4
2513,5,DOWN,2,4
2514,18,DOWN,4,1
2515,17,DOWN,11,3
2516,3,UP,15,1
2517,24,DOWN,9,5
2518,13,DOWN,4,6
2519,6,DOWN,2,6
2520,16,UP,22,6
2521,21,DOWN,8,6
2522,12,UP,23,3
2523,7,DOWN,5,3
2524,6,UP,7,1
2525,23,DOWN,13,4
2526,13,UP,20,2
2527,9,UP,20,6
2528,4,UP,15,2
2529,14,DOWN,4,1
2530,9,UP,23,5
2531,13,DOWN,8,5
2532,20,UP,24,5
2533,9,UP,14,4
2534,9,DOWN,7,3
2535,8,UP,17,4
2536,21,DOWN,12,4
2537,13,DOWN,12,2
2538,24,DOWN,9,1
2539,24,DOWN,14,5
2540,24,DOWN,6,6
2541,22,DOWN,1,4
2542,3,UP,4,4
2543,12,UP,14,5
2544,23,DOWN,22,3
2545,8,UP,23,5
2546,5,DOWN,1,2
2547,22,DOWN,13,2
2548,8,DOWN,6,6
2549,17,UP,24,4
2550,16,UP,21,5
2551,23,DOWN,2,1
2552,8,UP,14,6
2553,6,UP,13,6
2554,5,UP,22,2
2555,24,DOWN,13,3
2556,3,UP,24,2
2557,16,DOWN,4,5
2558,3,UP,22,1
2559,16,DOWN,14,5
2560,9,DOWN,1,3
2561,18,DOWN,2,2
2562,5,UP,16,3
2563,23,DOWN,8,4
2564,18,DOWN,13,5
2565,24,DOWN,9,2
2566,22,DOWN,14,1
2567,23,DOWN,4,5
2568,10,UP,22,4
2569,22,DOWN,20,1
2570,8,DOWN,3,6
2571,1,UP,2,1
2572,1,UP,23,6
2573,14,DOWN,12,2
2574,3,UP,24,3
2575,9,UP,19,6
2576,21,DOWN,19,3
2577,9,UP,20,3
2578,20,DOWN,3,4
2579,23,DOWN,14,4
2580,17,DOWN,11,2
2581,3,UP,20,6
2582,8,DOWN,3,1
2583,4,UP,23,3
2584,24,DOWN,19,6
2585,19,UP,23,3
2586,10,DOWN,7,2
2587,24,DOWN,14,4
2588,4,UP,6,4
2589,1,UP,12,5
2590,18,DOWN,10,5
2591,21,DOWN,6,4
2592,21,DOWN,13,1
2593,20,UP,22,5
2594,21,DOWN,4,4
2595,23,DOWN,6,4
2596,13,UP,17,6
2597,4,DOWN,2,6
2598,5,UP,19,6
2599,6,UP,10,2
2600,16,UP,21,1
2601,1,UP,24,3
2602,1,UP,8,6
2603,2,UP,17,4
2604,13,DOWN,10,1
2605,15,DOWN,10,1
2606,13,DOWN,7,4
2607,12,DOWN,10,6
2608,11,DOWN,9,1
2609,5,UP,20,4
2610,24,DOWN,7,2
2611,3,UP,10,3
2612,16,DOWN,2,3
2613,18,DOWN,17,6
2614,6,UP,15,2
2615,19,DOWN,2,4
2616,8,DOWN,1,3
2617,13,DOWN,7,3
2618,22,DOWN,20,3
2619,1,UP,23,2
2620,17,DOWN,3,5
2621,18,DOWN,6,4
2622,4,UP,16,1
2623,4,DOWN,3,6
2624,19,UP,22,4
2625,19,DOWN,2,4
2626,9,DOWN,3,4
2627,3,UP,18,6
2628,4,UP,7,4
2629,9,UP,15,5
2630,23,DOWN,18,6
2631,6,UP,23,5
2632,1,UP,20,6
2633,22,DOWN,12,6
2634,1,UP,16,3
2635,11,UP,14,2
2636,16,DOWN,13,6
2637,1,UP,23,2
2638,7,DOWN,5,5
2639,15,UP,19,6
2640,2,UP,8,1
2641,20,DOWN,15,6
2642,24,DOWN,18,3
2643,21,DOWN,15,5
2644,6,DOWN,1,6
2645,5,UP,17,3
2646,1,UP,6,6
2647,7,UP,19,1
2648,24,DOWN,3,5
2649,16,UP,18,5
2650,10,DOWN,8,3
2651,24,DOWN,14,4
2652,15,DOWN,14,5
2653,11,UP,17,5
2654,14,DOWN,2,6
2655,9,DOWN,6,3
2656,11,DOWN,4,2
2657,4,UP,15,5
2658,11,DOWN,10,5
2659,5,UP,18,3
2660,19,DOWN,10,4
2661,18,UP,22,6
2662,8,UP,13,5
2663,23,DOWN,18,1
2664,13,DOWN,6,3
2665,22,DOWN,20,4
2666,8,DOWN,6,4
2667,12,DOWN,4,2
2668,6,UP,13,4
2669,2,UP,24,6
2670,7,UP,9,2
2671,3,UP,19,3
2672,6,DOWN,4,6
2673,2,UP,10,4
2674,23,DOWN,11,1
2675,24,DOWN,14,5
2676,13,DOWN,6,1
2677,8,DOWN,6,6
2678,13,UP,24,5
2679,8,DOWN,1,2
2680,10,DOWN,7,2
2681,15,UP,23,6
2682,10,DOWN,4,3
2683,9,UP,23,2
2684,7,UP,8,2
2685,21,DOWN,16,5
2686,19,DOWN,17,5
2687,2,UP,17,3
2688,2,UP,6,2
2689,18,DOWN,10,2
2690,21,DOWN,15,6
2691,11,UP,12,5
2692,3,UP,8,5
2693,5,UP,8,1
2694,22,DOWN,19,4
2695,20,UP,24,4
2696,23,DOWN,22,5
2697,6,UP,22,3
2698,10,UP,23,6
2699,24,DOWN,3,6
2700,19,UP,21,3
2701,19,DOWN,9,6
2702,1,UP,6,1
2703,21,DOWN,5,6
2704,12,DOWN,9,6
2705,18,DOWN,2,4
2706,6,UP,11,6
2707,10,UP,22,4
2708,2,UP,17,6
2709,2,UP,19,1
2710,19,UP,21,5
2711,20,DOWN,2,4
2712,21,DOWN,1,3
2713,6,UP,12,2
2714,9,DOWN,5,1
2715,21,DOWN,2,1
2716,7,DOWN,2,6
2717,15,DOWN,12,4
2718,11,UP,16,1
2719,18,DOWN,10,4
2720,13,DOWN,2,1
2721,22,DOWN,8,3
2722,10,UP,16,4
2723,14,UP,15,5
2724,15,DOWN,14,4
2725,14,UP,22,2
2726,24,DOWN,17,2
2727,17,UP,24,3
2728,9,UP,13,2
2729,13,UP,18,1
2730,11,UP,16,4
2731,14,DOWN,13,5
2732,15,DOWN,9,5
2733,7,UP,15,4
2734,12,DOWN,6,1
2735,8,UP,15,5
2736,17,DOWN,5,5
2737,13,UP,17,5
2738,9,UP,22,1
2739,21,DOWN,2,6
2740,17,UP,24,5
2741,14,UP,22,1
2742,9,UP,15,1
2743,16,DOWN,1,5
2744,12,UP,23,5
2745,15,DOWN,3,3
2746,19,DOWN,12,6
2747,6,UP,12,4
2748,11,DOWN,7,6
2749,14,UP,24,6
2750,19,DOWN,1,4
2751,19,DOWN,8,5
2752,4,UP,8,1
2753,12,UP,16,5
2754,11,UP,24,2
2755,13,UP,19,5
2756,9,DOWN,6,2
2757,24,DOWN,9,1
2758,2,DOWN,1,1
2759,22,DOWN,2,5
2760,3,UP,10,1
2761,16,DOWN,3,5
2762,19,UP,23,1
2763,8,UP,9,3
2764,3,UP,22,5
2765,2,UP,23,4
2766,5,UP,7,4
2767,18,UP,23,1
2768,6,UP,13,6
2769,14,UP,15,1
2770,19,UP,24,1
2771,4,UP,13,2
2772,10,DOWN,8,4
2773,12,DOWN,11,1
2774,12,UP,16,2
2775,9,DOWN,8,5
2776,16,DOWN,3,3
2777,9,DOWN,2,4
2778,14,UP,21,3
2779,2,UP,9,1
2780,7,UP,11,2
2781,20,DOWN,11,3
2782,5,UP,14,3
2783,1,UP,3,3
2784,15,UP,16,5
2785,11,UP,15,2
2786,21,DOWN,19,1
2787,10,UP,23,1
2788,21,DOWN,7,5
2789,1,UP,14,4
2790,7,UP,24,4
2791,7,UP,17,6
2792,23,DOWN,11,3
2793,8,UP,20,5
2794,2,UP,22,4
2795,18,UP,23,2
2796,14,UP,15,3
2797,23,DOWN,14,2
2798,12,UP,21,1
2799,24,DOWN,7,3
2800,15,UP,21,4
2801,3,UP,4,5
2802,1,UP,8,2
2803,21,DOWN,16,1
2804,18,DOWN,7,4
2805,12,UP,23,3
2806,10,DOWN,2,4
2807,15,DOWN,3,5
2808,17,DOWN,15,4
2809,11,UP,15,5
2810,14,UP,24,4
2811,17,UP,22,1
2812,19,DOWN,18,6
2813,20,DOWN,19,1
2814,12,UP,19,2
2815,19,DOWN,18,3
2816,20,DOWN,12,4
2817,19,UP,21,1
2818,3,UP,18,3
2819,17,DOWN,13,5
2820,12,DOWN,5,1
2821,18,DOWN,9,2
2822,3,UP,16,2
2823,18,DOWN,13,6
2824,14,UP,15,2
2825,5,UP,19,1
2826,14,DOWN,12,1
2827,22,DOWN,7,4
2828,4,UP,20,2
2829,12,UP,22,5
2830,10,UP,18,5
2831,22,DOWN,19,3
2832,8,DOWN,4,5
2833,6,UP,12,2
2834,10,UP,19,1
2835,21,DOWN,6,4
2836,18,DOWN,5,2
2837,4,UP,24,2
2838,8,UP,11,4
2839,19,DOWN,7,6
2840,1,UP,19,4
2841,12,UP,23,6
2842,12,DOWN,10,3
2843,7,UP,19,4
2844,17,DOWN,16,2
2845,12,DOWN,1,6
2846,1,UP,2,1
2847,13,DOWN,7,4
2848,21,DOWN,3,1
2849,17,UP,18,4
2850,24,DOWN,7,3
2851,4,UP,7,6
2852,23,DOWN,10,1
2853,14,DOWN,5,1
2854,16,UP,23,3
2855,17,UP,20,2
2856,5,UP,13,3
2857,20,DOWN,9,6
2858,9,UP,19,2
2859,4,UP,23,6
2860,22,DOWN,6,3
2861,4,UP,8,4
2862,15,UP,22,2
2863,10,UP,15,5
2864,1,UP,2,3
2865,4,UP,18,3
2866,22,UP,24,5
2867,13,DOWN,10,1
2868,12,DOWN,10,6
2869,2,UP,7,5
2870,3,UP,7,6
2871,24,DOWN,21,5
2872,7,UP,11,1
2873,19,DOWN,7,2
2874,15,DOWN,3,5
2875,14,DOWN,1,6
2876,17,UP,19,5
2877,4,UP,15,3
2878,12,DOWN,4,2
2879,18,DOWN,4,6
2880,24,DOWN,19,3
2881,22,DOWN,15,2
2882,1,UP,3,4
2883,4,UP,18,1
2884,23,DOWN,9,4
2885,4,DOWN,1,2
2886,23,DOWN,8,5
2887,17,DOWN,1,4
2888,13,UP,14,5
2889,4,UP,5,4
2890,11,UP,18,3
2891,19,UP,22,6
2892,14,DOWN,12,6
2893,16,DOWN,13,5
2894,5,UP,16,1
2895,24,DOWN,6,4
2896,8,UP,9,4
2897,9,DOWN,6,4
2898,10,UP,16,1
2899,2,UP,16,2
2900,19,DOWN,9,4
2901,8,UP,12,6
2902,14,DOWN,2,1
2903,21,DOWN,17,5
2904,16,DOWN,5,2
2905,24,DOWN,8,6
2906,19,DOWN,18,2
2907,11,UP,18,1
2908,21,DOWN,20,5
2909,1,UP,13,5
2910,12,UP,13,6
2911,18,DOWN,7,6
2912,17,DOWN,13,2
2913,21,DOWN,11,1
2914,8,DOWN,2,3
2915,4,UP,17,3
2916,14,DOWN,8,3
2917,3,UP,8,3
2918,13,DOWN,2,5
2919,3,DOWN,2,6
2920,11,DOWN,1,6
2921,22,DOWN,10,5
2922,23,DOWN,8,5
2923,18,DOWN,5,3
2924,19,DOWN,2,6
2925,10,DOWN,7,2
2926,8,DOWN,4,2
2927,2,UP,14,2
2928,16,DOWN,8,6
2929,19,DOWN,10,5
2930,9,UP,23,6
2931,12,UP,19,3
2932,24,DOWN,23,3
2933,7,UP,13,2
2934,14,UP,20,1
2935,14,DOWN,4,3
2936,23,DOWN,2,2
2937,17,DOWN,16,2
2938,21,UP,22,2
2939,21,DOWN,1,1
2940,14,UP,19,6
2941,14,DOWN,7,2
2942,15,UP,23,5
2943,2,UP,9,2
2944,7,DOWN,3,6
2945,8,UP,15,3
2946,17,DOWN,9,3
2947,13,DOWN,6,2
2948,12,DOWN,11,2
2949,22,DOWN,18,3
2950,1,UP,11,2
2951,3,UP,12,2
2952,4,UP,14,6
2953,12,DOWN,8,4
2954,3,UP,6,4
2955,24,DOWN,21,1
2956,10,DOWN,1,2
2957,7,UP,19,2
2958,17,DOWN,15,1
2959,14,UP,20,5
2960,2,UP,24,2
2961,5,UP,10,6
2962,21,DOWN,17,4
2963,5,UP,21,5
2964,6,UP,20,1
2965,10,DOWN,7,4
2966,5,UP,16,5
2967,9,DOWN,3,5
2968,11,UP,24,5
2969,22,DOWN,17,3
2970,13,DOWN,4,4
2971,16,DOWN,1,5
2972,2,UP,10,6
2973,16,DOWN,12,3
2974,15,UP,23,6
2975,14,DOWN,7,1
2976,3,UP,4,6
2977,14,DOWN,5,5
2978,16,DOWN,4,2
2979,7,UP,22,3
2980,12,UP,23,2
2981,20,DOWN,2,6
2982,4,UP,21,6
2983,17,UP,22,5
2984,24,DOWN,1,1
2985,21,DOWN,7,2
2986,9,UP,16,1
2987,19,DOWN,12,5
2988,12,UP,20,3
2989,10,UP,12,2
2990,16,DOWN,15,3
2991,6,UP,17,2
2992,19,DOWN,10,5
2993,13,DOWN,10,2
2994,7,DOWN,1,4
2995,22,DOWN,21,3
2996,2,UP,24,2
2997,1,UP,13,2
2998,20,DOWN,10,5
2999,5,UP,11,5
3000,6,UP,16,1
3001,4,UP,16,4
3002,19,UP,23,1
3003,21,DOWN,17,1
3004,17,DOWN,11,3
3005,12,DOWN,11,1
3006,6,DOWN,2,4
3007,7,UP,22,4
3008,22,DOWN,21,4
3009,3,DOWN,2,5
3010,1,UP,21,6
3011,17,UP,22,5
3012,10,DOWN,5,4
3013,18,UP,22,5
3014,5,UP,16,6
3015,22,DOWN,7,5
3016,11,DOWN,1,3
3017,10,UP,18,4
3018,3,UP,4,5
3019,9,UP,24,5
3020,13,DOWN,1,1
3021,7,UP,19,4
3022,12,UP,21,5
3023,15,DOWN,10,3
3024,10,UP,16,1
3025,18,DOWN,12,1
3026,11,UP,17,4
3027,23,DOWN,6,1
3028,17,UP,21,3
3029,17,UP,18,6
3030,15,DOWN,1,1
3031,21,DOWN,5,1
3032,2,UP,15,1
3033,10,DOWN,7,3
3034,18,DOWN,4,6
3035,6,UP,9,6
3036,3,UP,23,3
3037,21,DOWN,13,1
3038,24,DOWN,12,3
3039,13,DOWN,7,5
3040,18,DOWN,8,3
3041,24,DOWN,10,5
3042,1,UP,21,4
3043,13,DOWN,1,5
3044,1,UP,11,6
3045,24,DOWN,3,5
3046,17,UP,20,4
3047,23,DOWN,5,5
3048,2,UP,20,2
3049,18,DOWN,10,2
3050,18,UP,23,5
3051,2,UP,21,2
3052,12,UP,22,6
3053,11,DOWN,10,2
3054,7,UP,11,1
3055,18,DOWN,11,1
3056,10,UP,14,2
3057,17,UP,20,2
3058,14,UP,20,6
3059,13,UP,16,4
3060,6,DOWN,2,2
3061,13,UP,23,3
3062,19,UP,23,5
3063,12,DOWN,10,5
3064,14,DOWN,13,1
3065,24,DOWN,18,6
3066,5,UP,8,6
3067,10,DOWN,7,4
3068,5,UP,8,6
3069,9,DOWN,2,2
3070,7,UP,11,2
3071,12,UP,23,1
3072,5,UP,14,4
3073,17,UP,22,1
3074,18,DOWN,2,3
3075,5,UP,22,5
3076,3,UP,6,4
3077,15,UP,23,5
3078,9,UP,20,4
3079,15,DOWN,1,1
3080,9,DOWN,7,4
3081,5,UP,7,5
3082,9,UP,15,1
3083,4,DOWN,2,2
3084,16,UP,20,5
3085,21,DOWN,4,1
3086,8,UP,10,1
3087,18,DOWN,2,1
3088,8,UP,18,5
3089,14,UP,22,3
3090,9,DOWN,7,2
3091,3,UP,19,1
3092,13,UP,24,4
3093,2,UP,14,4
3094,5,DOWN,3,1
3095,20,DOWN,14,4
3096,15,DOWN,14,3
3097,17,UP,21,5
3098,22,DOWN,6,6
3099,21,DOWN,14,5
3100,12,UP,16,2
3101,1,UP,4,1
3102,20,DOWN,8,1
3103,9,UP,20,1
3104,16,DOWN,1,2
3105,22,DOWN,6,3
3106,2,UP,9,3
3107,10,UP,15,6
3108,13,DOWN,12,1
3109,4,UP,7,6
3110,1,UP,4,3
3111,17,UP,22,2
3112,19,DOWN,3,2
3113,21,DOWN,2,4
3114,24,DOWN,4,1
3115,12,UP,20,2
3116,24,DOWN,3,2
3117,18,UP,20,2
3118,23,DOWN,9,2
3119,21,UP,24,6
3120,6,UP,21,3
3121,17,DOWN,5,1
3122,21,DOWN,10,2
3123,18,DOWN,9,5
3124,6,UP,12,3
3125,24,DOWN,10,3
3126,13,DOWN,8,1
3127,2,UP,6,5
3128,5,UP,8,2
3129,17,DOWN,2,2
3130,20,DOWN,19,3
3131,10,UP,16,3
3132,18,DOWN,1,1
3133,16,DOWN,2,2
3134,24,DOWN,6,3
3135,15,DOWN,13,5
3136,1,UP,7,1
3137,16,DOWN,8,2
3138,23,DOWN,7,4
3139,14,DOWN,3,2
3140,24,DOWN,22,6
3141,12,DOWN,1,4
3142,2,UP,18,1
3143,15,DOWN,5,4
3144,19,UP,22,5
3145,11,DOWN,7,1
3146,13,DOWN,11,1
3147,8,UP,23,6
3148,22,DOWN,8,2
3149,11,DOWN,3,4
3150,21,DOWN,18,4
3151,5,DOWN,2,3
3152,6,DOWN,5,3
3153,14,DOWN,11,1
3154,6,DOWN,2,6
3155,12,DOWN,3,2
3156,5,UP,16,2
3157,3,UP,8,2
3158,23,DOWN,10,1
3159,23,DOWN,13,6
3160,8,UP,19,4
3161,20,UP,23,3
3162,11,UP,13,2
3163,2,UP,16,1
3164,23,DOWN,6,4
3165,21,DOWN,18,4
3166,14,UP,18,2
3167,22,DOWN,12,4
3168,12,DOWN,5,1
3169,10,UP,11,2
3170,20,DOWN,9,4
3171,17,DOWN,16,6
3172,16,DOWN,10,3
3173,3,UP,11,6
3174,12,UP,18,3
3175,20,UP,21,4
3176,20,UP,22,4
3177,4,UP,9,4
3178,11,UP,23,6
3179,21,DOWN,8,5
3180,10,DOWN,8,6
3181,7,UP,19,3
3182,16,UP,18,5
3183,4,UP,19,6
3184,3,UP,4,2
3185,19,DOWN,1,2
3186,8,UP,21,6
3187,22,DOWN,14,6
3188,9,DOWN,4,5
3189,19,UP,24,3
3190,20,DOWN,17,2
3191,7,DOWN,6,4
3192,2,UP,11,5
3193,7,UP,20,4
3194,17,DOWN,1,2
3195,6,UP,16,6
3196,23,DOWN,19,6
3197,11,DOWN,5,4
3198,11,UP,18,6
3199,20,DOWN,5,5
3200,9,UP,16,1
3201,3,UP,11,3
3202,23,DOWN,2,6
3203,9,DOWN,1,6
3204,12,UP,18,6
3205,15,DOWN,4,3
3206,9,UP,23,4
3207,14,DOWN,2,6
3208,18,DOWN,7,6
3209,6,UP,21,5
3210,2,UP,19,1
3211,8,UP,19,6
3212,17,DOWN,11,6
3213,21,DOWN,7,3
3214,7,UP,8,2
3215,18,UP,23,2
3216,9,DOWN,4,4
3217,13,UP,16,2
3218,5,UP,24,2
3219,18,DOWN,7,2
3220,12,UP,18,6
3221,15,DOWN,12,5
3222,17,DOWN,4,5
3223,5,UP,15,3
3224,11,DOWN,4,5
3225,4,UP,10,4
3226,16,DOWN,4,4
3227,24,DOWN,15,6
3228,1,UP,7,4
3229,12,DOWN,2,6
3230,21,DOWN,9,5
3231,3,UP,12,2
3232,12,DOWN,5,5
3233,16,UP,19,3
3234,10,DOWN,2,5
3235,3,UP,13,6
3236,23,DOWN,17,1
3237,23,DOWN,18,3
3238,14,DOWN,2,3
3239,3,UP,12,3
3240,20,DOWN,18,6
3241,23,DOWN,5,1
3242,3,UP,21,1
3243,9,UP,12,5
3244,11,UP,19,2
3245,17,UP,18,6
3246,9,DOWN,3,2
3247,17,DOWN,14,6
3248,9,DOWN,6,4
3249,9,DOWN,8,6
3250,21,DOWN,11,5
3251,15,DOWN,1,4
3252,4,UP,7,5
3253,4,DOWN,1,4
3254,5,UP,13,2
3255,24,DOWN,17,2
3256,6,UP,18,2
3257,9,UP,11,2
3258,12,DOWN,1,4
3259,10,UP,23,1
3260,9,UP,13,6
3261,3,UP,8,6
3262,11,DOWN,5,2
3263,24,DOWN,12,4
3264,6,DOWN,3,3
3265,16,UP,18,1
3266,4,DOWN,1,2
3267,21,DOWN,3,1
3268,19,DOWN,3,2
3269,15,DOWN,1,1
3270,15,DOWN,9,4
3271,22,DOWN,8,4
3272,9,UP,23,4
3273,7,UP,9,4
3274,11,UP,17,3
3275,21,DOWN,1,5
3276,15,DOWN,2,1
3277,4,DOWN,3,4
3278,3,UP,15,5
3279,24,DOWN,15,2
3280,21,DOWN,1,4
3281,20,DOWN,7,2
3282,2,UP,10,4
3283,2,UP,16,4
3284,15,DOWN,11,3
3285,23,DOWN,4,3
3286,12,UP,16,5
3287,15,UP,21,3
3288,5,UP,19,4
3289,14,DOWN,13,3
3290,3,UP,4,1
3291,11,DOWN,8,4
3292,10,UP,12,4
3293,9,DOWN,5,1
3294,22,DOWN,19,5
3295,9,DOWN,3,6
3296,3,UP,12,4
3297,22,DOWN,16,3
3298,13,DOWN,11,1
3299,13,UP,24,3
3300,7,UP,20,1
3301,18,DOWN,1,5
3302,22,DOWN,6,3
3303,2,DOWN,1,5
3304,17,DOWN,11,4
3305,6,UP,16,6
3306,24,DOWN,21,6
3307,7,UP,10,6
3308,8,DOWN,2,2
3309,23,UP,24,6
3310,20,DOWN,8,6
3311,23,DOWN,4,5
3312,24,DOWN,21,6
3313,11,DOWN,10,5
3314,20,DOWN,10,6
3315,24,DOWN,1,2
3316,12,DOWN,10,4
3317,2,UP,7,3
3318,7,UP,11,2
3319,7,UP,14,4
3320,20,DOWN,3,6
3321,5,UP,21,2
3322,7,UP,12,3
3323,16,UP,22,4
3324,14,UP,19,6
3325,18,UP,21,6
3326,20,DOWN,17,4
3327,22,DOWN,3,5
3328,3,UP,21,2
3329,4,UP,12,3
3330,2,DOWN,1,4
3331,5,UP,7,2
3332,23,DOWN,15,2
3333,17,DOWN,4,2
3334,20,UP,23,2
3335,13,DOWN,10,4
3336,4,UP,13,5
3337,20,DOWN,14,1
3338,18,DOWN,3,6
3339,17,DOWN,8,3
3340,4,DOWN,2,5
3341,9,DOWN,6,4
3342,21,DOWN,11,6
3343,12,DOWN,10,1
3344,8,UP,9,2
3345,7,UP,11,6
3346,5,UP,19,3
3347,5,UP,14,6
3348,2,UP,9,5
3349,24,DOWN,9,6
3350,12,UP,13,6
3351,17,DOWN,13,3
3352,4,UP,6,6
3353,4,UP,13,5
3354,2,UP,3,1
3355,22,DOWN,16,4
3356,19,DOWN,4,2
3357,20,DOWN,13,3
3358,20,DOWN,7,2
3359,8,DOWN,7,3
3360,4,UP,22,1
3361,20,DOWN,10,2
3362,3,UP,20,3
3363,20,DOWN,15,2
3364,18,DOWN,4,3
3365,24,DOWN,4,6
3366,6,UP,14,1
3367,2,UP,14,5
3368,1,UP,11,2
3369,8,UP,24,3
3370,13,DOWN,4,6
3371,7,DOWN,5,6
3372,9,UP,14,6
3373,23,UP,24,1
3374,3,UP,7,3
3375,15,DOWN,3,3
3376,18,UP,21,5
3377,6,DOWN,4,3
3378,11,DOWN,3,5
3379,9,DOWN,3,1
3380,23,DOWN,3,4
3381,7,UP,10,4
3382,3,UP,12,2
3383,13,DOWN,1,5
3384,8,UP,16,1
3385,4,DOWN,2,5
3386,15,UP,24,5
3387,24,DOWN,22,5
3388,9,UP,16,2
3389,15,DOWN,4,1
3390,22,DOWN,20,3
3391,5,UP,18,6
3392,19,DOWN,18,4
3393,18,DOWN,3,1
3394,24,DOWN,3,2
3395,11,UP,14,6
3396,21,DOWN,12,5
3397,14,UP,19,3
3398,11,UP,16,2
3399,23,DOWN,18,4
3400,19,DOWN,10,5
3401,4,UP,24,3
3402,7,UP,14,3
3403,10,DOWN,3,2
3404,10,UP,17,5
3405,13,UP,19,4
3406,13,UP,17,5
3407,2,UP,8,2
3408,20,DOWN,2,3
3409,19,UP,24,6
3410,23,DOWN,20,2
3411,9,UP,20,1
3412,21,DOWN,19,6
3413,21,DOWN,3,5
3414,5,UP,17,6
3415,1,UP,12,2
3416,3,UP,16,3
3417,7,UP,21,1
3418,11,DOWN,9,4
3419,11,DOWN,3,4
3420,1,UP,8,2
3421,10,DOWN,3,4
3422,6,UP,18,3
3423,2,UP,5,4
3424,18,DOWN,11,2
3425,10,DOWN,5,4
3426,22,DOWN,7,4
3427,8,DOWN,2,4
3428,18,DOWN,13,5
3429,21,DOWN,11,5
3430,22,DOWN,17,5
3431,10,UP,19,4
3432,16,UP,21,5
3433,24,DOWN,7,1
3434,1,UP,2,5
3435,10,UP,22,2
3436,7,UP,11,1
3437,7,UP,21,3
3438,16,DOWN,2,4
3439,8,UP,20,5
3440,3,UP,6,6
3441,1,UP,21,2
3442,22,DOWN,8,5
3443,21,DOWN,18,2
3444,16,DOWN,14,4
3445,5,UP,19,1
3446,21,DOWN,14,5
3447,13,DOWN,5,1
3448,22,DOWN,12,4
3449,13,UP,22,4
3450,2,UP,17,5
3451,7,UP,11,3
3452,19,DOWN,7,2
3453,12,UP,24,2
3454,21,DOWN,8,3
3455,14,UP,24,5
3456,10,UP,12,6
3457,23,DOWN,10,4
3458,18,DOWN,11,4
3459,12,UP,19,4
3460,24,DOWN,9,4
3461,24,DOWN,3,3
3462,13,UP,21,3
3463,2,UP,3,6
3464,3,UP,24,5
3465,9,UP,11,3
3466,12,UP,21,6
3467,15,DOWN,14,3
3468,14,DOWN,12,2
3469,8,UP,23,2
3470,7,UP,17,6
3471,21,UP,24,3
3472,6,UP,13,1
3473,14,DOWN,8,5
3474,8,DOWN,6,3
3475,3,DOWN,1,6
3476,17,UP,24,3
3477,7,UP,20,3
3478,7,UP,10,5
3479,13,UP,18,3
3480,2,UP,19,2
3481,12,UP,16,3
3482,13,UP,14,1
3483,24,DOWN,4,2
3484,4,UP,23,5
3485,13,DOWN,8,2
3486,11,DOWN,8,2
3487,11,DOWN,5,2
3488,2,UP,7,5
3489,18,UP,20,1
3490,7,DOWN,6,2
3491,15,UP,24,2
3492,8,UP,21,6
3493,15,UP,23,5
3494,18,UP,23,2
3495,24,DOWN,23,5
3496,9,UP,20,3
3497,7,UP,14,1
3498,9,UP,19,1
3499,4,UP,16,6
3500,21,DOWN,1,1
3501,24,DOWN,11,4
3502,21,DOWN,10,3
3503,24,DOWN,10,3
3504,6,DOWN,4,3
3505,14,DOWN,4,1
3506,9,DOWN,2,5
3507,3,UP,11,3
3508,14,DOWN,2,3
3509,4,UP,13,3
3510,16,DOWN,10,6
3511,10,DOWN,7,4
3512,16,UP,21,5
3513,21,DOWN,5,6
3514,1,UP,11,1
3515,20,DOWN,7,1
3516,24,DOWN,4,2
3517,17,DOWN,16,4
3518,9,UP,21,3
3519,15,DOWN,3,2
3520,1,UP,5,3
3521,18,DOWN,12,1
3522,23,DOWN,10,3
3523,6,UP,24,4
3524,2,UP,16,5
3525,3,UP,13,4
3526,16,UP,17,3
3527,21,DOWN,4,5
3528,23,DOWN,18,1
3529,5,UP,14,5
3530,10,DOWN,2,5
3531,3,UP,21,1
3532,10,UP,22,5
3533,14,DOWN,13,5
3534,22,DOWN,11,4
3535,20,UP,23,6
3536,12,UP,16,3
3537,3,DOWN,1,5
3538,2,UP,21,3
3539,20,DOWN,10,1
3540,13,UP,24,2
3541,11,DOWN,4,6
3542,6,DOWN,3,4
3543,12,DOWN,10,2
3544,12,DOWN,6,6
3545,20,UP,24,2
3546,22,DOWN,3,1
3547,16,DOWN,4,5
3548,12,UP,14,6
3549,5,UP,22,6
3550,2,UP,20,2
3551,8,UP,9,3
3552,9,UP,11,5
3553,10,DOWN,9,4
3554,3,UP,24,3
3555,21,DOWN,2,6
3556,17,UP,21,5
3557,3,UP,20,5
3558,3,UP,21,1
3559,24,DOWN,9,1
3560,23,DOWN,7,3
3561,6,UP,22,3
3562,16,DOWN,9,2
3563,14,DOWN,1,1
3564,10,UP,18,3
3565,19,DOWN,6,5
3566,23,DOWN,10,6
3567,8,UP,22,4
3568,14,DOWN,3,1
3569,9,UP,21,1
3570,12,UP,15,2
3571,22,DOWN,20,6
3572,23,DOWN,8,1
3573,11,UP,19,4
3574,1,UP,17,3
3575,19,DOWN,7,2
3576,9,DOWN,4,5
3577,20,UP,23,4
3578,15,DOWN,8,3
3579,24,DOWN,10,1
3580,11,DOWN,4,1
3581,9,UP,11,1
3582,12,DOWN,6,3
3583,23,DOWN,21,2
3584,1,UP,20,1
3585,7,UP,16,6
3586,13,DOWN,5,3
3587,10,DOWN,8,1
3588,4,DOWN,3,4
3589,8,UP,14,1
3590,5,UP,18,3
3591,10,UP,14,1
3592,5,UP,10,5
3593,24,DOWN,17,1
3594,16,DOWN,6,5
3595,10,UP,12,6
3596,18,DOWN,8,4
3597,24,DOWN,8,5
3598,4,UP,6,1
3599,15,DOWN,8,2
3600,15,DOWN,8,3
3601,21,DOWN,19,2
3602,21,DOWN,12,3
3603,15,UP,22,4
3604,14,UP,21,1
3605,3,UP,19,6
3606,19,DOWN,17,6
3607,4,UP,11,4
3608,10,UP,16,3
3609,8,DOWN,5,6
3610,3,UP,18,4
3611,10,DOWN,7,5
3612,12,UP,20,4
3613,22,DOWN,18,4
3614,16,DOWN,14,4
3615,24,DOWN,23,5
3616,6,UP,17,1
3617,3,UP,7,3
3618,9,UP,16,1
3619,13,DOWN,7,2
3620,14,DOWN,12,6
3621,20,DOWN,18,5
3622,4,DOWN,1,5
3623,23,DOWN,13,5
3624,18,DOWN,1,4
3625,22,DOWN,4,2
3626,22,UP,23,2
3627,2,UP,10,4
3628,19,UP,20,1
3629,24,DOWN,8,4
3630,13,UP,16,2
3631,12,UP,15,3
3632,20,DOWN,6,6
3633,14,DOWN,10,5
3634,23,DOWN,7,6
3635,13,DOWN,10,5
3636,7,UP,10,1
3637,1,UP,17,3
3638,2,UP,13,3
3639,12,DOWN,9,3
3640,12,UP,23,4
3641,3,DOWN,1,2
3642,8,DOWN,1,2
3643,20,DOWN,11,5
3644,15,DOWN,8,6
3645,7,UP,20,2
3646,11,UP,14,2
3647,7,UP,19,3
3648,15,DOWN,9,6
3649,1,UP,4,4
3650,3,UP,16,5
3651,18,DOWN,7,6
3652,24,DOWN,7,1
3653,2,UP,23,5
3654,7,UP,22,6
3655,3,UP,19,5
3656,22,DOWN,9,5
3657,16,UP,24,1
3658,1,UP,11,3
3659,18,DOWN,3,5
3660,19,UP,21,3
3661,19,DOWN,9,6
3662,23,DOWN,20,1
3663,22,DOWN,5,5
3664,8,DOWN,4,2
3665,17,DOWN,2,2
3666,13,DOWN,9,2
3667,23,DOWN,5,5
3668,12,UP,24,6
3669,1,UP,14,1
3670,7,UP,10,6
3671,17,DOWN,10,5
3672,10,DOWN,3,2
3673,8,UP,20,4
3674,21,DOWN,12,1
3675,4,UP,21,3
3676,20,DOWN,2,5
3677,22,DOWN,16,5
3678,9,DOWN,7,6
3679,14,UP,15,6
3680,9,UP,18,5
3681,10,UP,24,3
3682,18,UP,20,1
3683,8,DOWN,3,4
3684,15,UP,16,1
3685,24,DOWN,16,2
3686,22,UP,24,5
3687,23,DOWN,20,5
3688,14,DOWN,6,4
3689,4,UP,16,5
3690,11,DOWN,5,3
3691,4,UP,20,3
3692,6,UP,12,6
3693,22,DOWN,18,2
3694,15,DOWN,14,5
3695,18,UP,24,6
3696,20,DOWN,16,6
3697,11,DOWN,5,2
3698,5,UP,19,5
3699,11,DOWN,10,3
3700,17,DOWN,10,4
3701,19,UP,24,5
3702,8,UP,13,3
3703,13,UP,14,6
3704,19,DOWN,1,2
3705,18,UP,21,3
3706,24,DOWN,14,1
3707,23,DOWN,6,4
3708,9,UP,20,3
3709,12,DOWN,1,6
3710,21,DOWN,2,2
3711,22,DOWN,12,3
3712,10,UP,24,1
3713,14,UP,22,5
3714,21,DOWN,5,6
3715,1,UP,24,6
3716,4,DOWN,2,5
3717,9,DOWN,5,5
3718,12,DOWN,9,2
3719,4,UP,12,5
3720,2,UP,16,1
3721,5,UP,19,6
3722,3,UP,8,3
3723,12,DOWN,4,1
3724,8,UP,11,2
3725,15,DOWN,3,5
3726,6,UP,7,2
3727,12,UP,22,4
3728,2,UP,22,4
3729,23,DOWN,5,2
3730,7,UP,13,6
3731,22,DOWN,7,4
3732,15,DOWN,2,5
3733,6,UP,17,5
3734,9,DOWN,5,6
3735,24,DOWN,16,5
3736,16,DOWN,7,2
3737,9,UP,24,3
3738,10,UP,14,1
3739,21,DOWN,20,4
3740,5,UP,6,5
3741,20,DOWN,1,2
3742,20,DOWN,3,2
3743,20,UP,23,5
3744,13,UP,19,1
3745,19,UP,20,5
3746,1,UP,21,4
3747,14,DOWN,10,6
3748,1,UP,11,3
3749,7,DOWN,2,2
3750,10,UP,16,2
3751,2,UP,3,5
3752,7,DOWN,4,5
3753,6,UP,20,5
3754,17,DOWN,16,1
3755,18,UP,23,1
3756,23,DOWN,8,4
3757,18,DOWN,15,5
3758,19,UP,20,5
3759,15,UP,23,5
3760,21,DOWN,9,3
3761,4,UP,19,4
3762,13,DOWN,5,4
3763,2,UP,20,5
3764,12,DOWN,6,6
3765,12,UP,16,5
3766,21,DOWN,10,5
3767,18,DOWN,15,3
3768,4,UP,7,5
3769,20,DOWN,1,6
3770,21,DOWN,17,3
3771,14,DOWN,2,5
3772,18,DOWN,15,6
3773,1,UP,22,1
3774,7,UP,24,1
3775,24,DOWN,3,1
3776,16,UP,21,5
3777,10,UP,20,6
3778,17,DOWN,10,4
3779,11,UP,22,3
3780,21,DOWN,12,6
3781,10,UP,18,1
3782,13,DOWN,12,1
3783,5,UP,6,3
3784,2,UP,12,6
3785,9,DOWN,7,2
3786,7,DOWN,6,5
3787,17,DOWN,6,3
3788,16,DOWN,5,6
3789,24,DOWN,6,6
3790,23,DOWN,7,4
3791,5,UP,13,3
3792,15,DOWN,14,1
3793,19,DOWN,12,6
3794,1,UP,11,5
3795,3,DOWN,2,6
3796,15,DOWN,6,6
3797,7,UP,14,1
3798,20,DOWN,4,5
3799,14,DOWN,7,4
3800,12,DOWN,1,3
3801,12,DOWN,6,1
3802,22,DOWN,17,2
3803,15,DOWN,8,2
3804,23,DOWN,6,1
3805,6,UP,7,1
3806,22,DOWN,7,6
3807,9,DOWN,2,5
3808,9,UP,24,6
3809,9,UP,23,6
3810,17,UP,20,3
3811,4,UP,9,1
3812,7,UP,15,1
3813,24,DOWN,22,3
3814,6,UP,24,3
3815,24,DOWN,15,5
3816,8,UP,22,1
3817,16,DOWN,3,1
3818,12,DOWN,1,5
3819,9,DOWN,2,5
3820,24,DOWN,1,1
3821,6,DOWN,3,1
3822,3,UP,17,3
3823,11,UP,12,3
3824,15,DOWN,12,2
3825,19,DOWN,15,2
3826,5,UP,14,3
3827,14,DOWN,6,3
3828,6,UP,10,1
3829,12,DOWN,8,3
3830,5,UP,10,4
3831,22,DOWN,3,6
3832,10,UP,22,3
3833,10,DOWN,7,1
3834,2,DOWN,1,2
3835,2,UP,14,6
3836,18,DOWN,10,1
3837,1,UP,3,5
3838,2,UP,10,3
3839,6,UP,11,2
3840,9,DOWN,4,1
3841,16,DOWN,8,2
3842,10,UP,21,4
3843,19,DOWN,13,3
3844,17,DOWN,7,4
3845,22,UP,24,2
3846,1,UP,21,1
3847,4,UP,21,5
3848,22,DOWN,13,3
3849,22,DOWN,12,6
3850,12,DOWN,11,6
3851,13,DOWN,3,5
3852,24,DOWN,14,4
3853,24,DOWN,19,3
3854,18,DOWN,7,6
3855,24,DOWN,13,3
3856,10,UP,17,2
3857,22,DOWN,19,5
3858,8,UP,11,6
3859,23,DOWN,6,2
3860,15,DOWN,5,6
3861,6,UP,12,3
3862,23,DOWN,22,3
3863,24,DOWN,9,2
3864,12,UP,19,5
3865,8,UP,22,4
3866,10,UP,13,3
3867,19,DOWN,5,6
3868,4,UP,7,3
3869,9,DOWN,5,1
3870,19,DOWN,10,1
3871,22,DOWN,13,1
3872,2,UP,18,3
3873,19,DOWN,14,4
3874,5,UP,18,5
3875,10,DOWN,6,2
3876,13,UP,23,2
3877,16,UP,20,1
3878,17,UP,24,3
3879,15,DOWN,5,2
3880,11,UP,14,4
3881,2,UP,15,2
3882,11,DOWN,2,4
3883,6,UP,10,5
3884,11,UP,17,3
3885,2,UP,21,6
3886,2,DOWN,1,4
3887,22,DOWN,2,4
3888,15,DOWN,4,1
3889,15,DOWN,11,1
3890,21,DOWN,19,5
3891,11,UP,18,2
3892,4,UP,7,3
3893,19,DOWN,4,4
3894,15,DOWN,11,5
3895,1,UP,2,3
3896,9,DOWN,6,6
3897,23,DOWN,3,4
3898,16,DOWN,2,2
3899,23,DOWN,1,2
3900,9,UP,24,3
3901,13,DOWN,7,6
3902,24,DOWN,15,2
3903,23,DOWN,11,6
3904,22,DOWN,5,1
3905,13,DOWN,4,6
3906,16,DOWN,9,3
3907,10,UP,11,5
3908,4,DOWN,1,4
3909,17,DOWN,14,5
3910,20,DOWN,1,4
3911,7,UP,11,4
3912,13,DOWN,2,1
3913,18,DOWN,14,3
3914,10,DOWN,2,3
3915,15,UP,17,6
3916,5,UP,22,6
3917,11,DOWN,6,3
3918,1,UP,5,1
3919,2,UP,23,5
3920,13,DOWN,7,2
3921,15,DOWN,4,3
3922,18,DOWN,5,6
3923,21,DOWN,4,1
3924,5,UP,6,2
3925,19,DOWN,12,5
3926,1,UP,20,5
3927,24,DOWN,6,6
3928,20,UP,22,5
3929,11,DOWN,1,4
3930,7,UP,16,6
3931,16,DOWN,7,4
3932,10,DOWN,8,3
3933,24,DOWN,3,4
3934,13,DOWN,3,5
3935,3,UP,4,1
3936,22,DOWN,13,3
3937,3,UP,19,6
3938,11,UP,22,2
3939,3,UP,20,3
3940,7,DOWN,2,3
3941,3,UP,23,4
3942,1,UP,10,5
3943,19,DOWN,6,2
3944,3,UP,21,5
3945,6,UP,8,6
3946,19,UP,22,4
3947,10,UP,16,2
3948,2,UP,21,3
3949,2,DOWN,1,6
3950,8,UP,17,5
3951,19,DOWN,18,2
3952,22,DOWN,17,3
3953,17,DOWN,3,2
3954,13,UP,24,4
3955,6,UP,22,6
3956,9,UP,21,3
3957,16,DOWN,2,5
3958,3,UP,14,5
3959,1,UP,2,2
3960,24,DOWN,8,2
3961,8,UP,10,4
3962,1,UP,13,2
3963,21,DOWN,17,6
3964,16,DOWN,1,4
3965,20,DOWN,10,5
3966,4,UP,17,5
3967,18,DOWN,2,5
3968,24,DOWN,23,3
3969,16,DOWN,6,6
3970,21,DOWN,16,6
3971,8,DOWN,4,2
3972,5,UP,11,2
3973,3,DOWN,2,2
3974,9,UP,17,3
3975,4,UP,5,3
3976,20,DOWN,7,2
3977,1,UP,17,6
3978,17,UP,23,3
3979,6,DOWN,2,4
3980,22,DOWN,7,1
3981,6,DOWN,1,6
3982,21,DOWN,16,2
3983,7,UP,20,1
3984,6,UP,18,3
3985,2,UP,17,3
3986,7,UP,11,2
3987,20,DOWN,7,3
3988,13,DOWN,9,5
3989,11,UP,19,6
3990,23,DOWN,8,5
3991,20,DOWN,16,4
3992,15,DOWN,10,3
3993,16,DOWN,6,2
3994,20,DOWN,11,6
3995,10,DOWN,6,6
3996,6,UP,12,6
3997,12,UP,22,5
3998,21,DOWN,2,3
3999,7,UP,9,2
4000,2,UP,5,6
4001,2,UP,15,3
4002,13,DOWN,5,4
4003,13,DOWN,9,1
4004,21,DOWN,1,5
4005,5,UP,22,4
4006,3,UP,16,5
4007,10,DOWN,5,4
4008,2,UP,17,2
4009,12,UP,24,2
4010,12,UP,21,6
4011,22,DOWN,10,4
4012,22,DOWN,17,5
4013,8,UP,16,6
4014,9,UP,16,6
4015,18,DOWN,1,1
4016,3,UP,13,1
4017,5,UP,8,1
4018,4,UP,15,5
4019,11,DOWN,8,4
4020,24,DOWN,7,2
4021,15,DOWN,12,1
4022,4,DOWN,2,1
4023,6,UP,21,4
4024,3,UP,13,3
4025,20,DOWN,10,1
4026,17,UP,24,2
4027,8,UP,14,3
4028,23,DOWN,22,6
4029,16,UP,23,1
4030,22,DOWN,9,2
4031,19,UP,23,5
4032,3,UP,12,6
4033,23,DOWN,10,4
4034,23,DOWN,11,3
4035,22,DOWN,15,6
4036,17,DOWN,6,5
4037,24,DOWN,7,4
4038,13,UP,23,4
4039,13,UP,18,4
4040,12,DOWN,4,6
4041,9,UP,17,4
4042,21,DOWN,5,6
4043,21,DOWN,13,4
4044,24,DOWN,5,5
4045,18,DOWN,3,3
4046,24,DOWN,20,3
4047,10,UP,18,5
4048,22,DOWN,4,5
4049,9,UP,16,5
4050,24,DOWN,15,5
4051,12,UP,13,1
4052,10,UP,19,4
4053,8,UP,13,1
4054,4,UP,23,3
4055,18,DOWN,14,4
4056,7,UP,19,1
4057,16,DOWN,9,5
4058,7,UP,19,3
4059,21,DOWN,9,1
4060,2,UP,16,4
4061,20,UP,21,5
4062,12,DOWN,11,1
4063,4,UP,10,3
4064,15,DOWN,1,6
4065,19,DOWN,8,2
4066,17,DOWN,1,6
4067,20,DOWN,7,6
4068,16,DOWN,4,3
4069,23,DOWN,2,1
4070,10,DOWN,5,6
4071,21,DOWN,15,3
4072,19,UP,23,6
4073,10,DOWN,5,3
4074,14,DOWN,8,2
4075,7,UP,16,1
4076,17,UP,24,6
4077,21,UP,22,3
4078,14,DOWN,11,5
4079,10,DOWN,8,3
4080,16,UP,17,2
4081,10,DOWN,4,2
4082,8,DOWN,3,2
4083,8,UP,21,2
4084,11,DOWN,8,3
4085,8,UP,18,6
4086,22,DOWN,3,4
4087,12,UP,23,2
4088,19,UP,22,6
4089,14,UP,15,3
4090,16,DOWN,11,3
4091,14,UP,22,5
4092,23,DOWN,1,2
4093,8,DOWN,5,3
4094,24,DOWN,12,6
4095,13,DOWN,4,4
4096,9,UP,12,5
4097,5,UP,11,4
4098,8,UP,23,2
4099,12,UP,20,1
4100,9,UP,23,4
4101,5,UP,15,6
4102,21,DOWN,4,2
4103,19,DOWN,15,6
4104,23,DOWN,14,6
4105,3,UP,8,5
4106,7,UP,17,1
4107,20,DOWN,14,4
4108,23,DOWN,13,1
4109,15,DOWN,1,6
4110,18,DOWN,1,4
4111,13,UP,24,2
4112,14,DOWN,2,6
4113,21,UP,23,2
4114,2,UP,20,1
4115,10,UP,21,6
4116,17,DOWN,6,4
4117,15,DOWN,8,1
4118,5,UP,14,6
4119,8,UP,24,4
4120,2,UP,12,3
4121,4,UP,16,6
4122,21,DOWN,19,6
4123,20,DOWN,16,6
4124,11,UP,15,3
4125,24,DOWN,15,1
4126,19,DOWN,9,3
4127,4,UP,21,5
4128,18,DOWN,11,6
4129,6,UP,19,1
4130,14,DOWN,2,6
4131,6,UP,21,1
4132,10,UP,24,3
4133,17,DOWN,10,2
4134,16,DOWN,7,5
4135,9,DOWN,6,3
4136,7,UP,18,3
4137,12,UP,17,2
4138,8,DOWN,6,6
4139,11,DOWN,2,3
4140,7,DOWN,6,4
4141,19,DOWN,16,5
4142,11,DOWN,3,6
4143,23,DOWN,16,5
4144,16,DOWN,13,5
4145,10,UP,17,5
4146,14,UP,20,1
4147,11,UP,12,4
4148,6,UP,19,1
4149,18,UP,20,4
4150,4,UP,13,5
4151,23,DOWN,4,5
4152,7,UP,9,3
4153,2,UP,7,2
4154,21,DOWN,17,6
4155,7,UP,22,4
4156,14,DOWN,11,5
4157,22,DOWN,6,6
4158,6,UP,22,1
4159,18,UP,24,1
4160,12,UP,14,2
4161,20,DOWN,19,5
4162,18,DOWN,3,1
4163,6,UP,14,5
4164,13,UP,18,3
4165,18,UP,20,2
4166,18,DOWN,9,1
4167,22,DOWN,14,4
4168,20,DOWN,3,4
4169,17,DOWN,12,6
4170,12,UP,17,6
4171,1,UP,2,2
4172,11,UP,14,6
4173,2,UP,13,2
4174,2,UP,12,3
4175,4,UP,15,2
4176,7,DOWN,6,1
4177,23,DOWN,8,2
4178,23,DOWN,4,6
4179,2,UP,12,3
4180,7,DOWN,2,6
4181,19,UP,24,5
4182,13,DOWN,9,5
4183,20,DOWN,6,1
4184,21,DOWN,5,2
4185,6,DOWN,1,2
4186,2,UP,21,2
4187,13,UP,24,5
4188,24,DOWN,8,2
4189,3,UP,19,2
4190,14,DOWN,10,5
4191,8,UP,12,2
4192,15,UP,20,5
4193,1,UP,4,1
4194,2,UP,21,5
4195,7,UP,15,6
4196,5,UP,8,2
4197,5,UP,11,6
4198,2,UP,18,1
4199,15,UP,20,3
4200,11,UP,20,3
4201,14,DOWN,5,1
4202,21,DOWN,13,6
4203,1,UP,22,2
4204,14,UP,18,2
4205,22,DOWN,16,6
4206,19,DOWN,4,5
4207,11,UP,12,5
4208,22,DOWN,2,4
4209,2,UP,19,3
4210,3,UP,5,2
4211,9,UP,22,4
4212,22,DOWN,11,3
4213,14,DOWN,6,6
4214,21,DOWN,4,3
4215,12,UP,16,4
4216,11,UP,19,3
4217,1,UP,18,2
4218,5,DOWN,1,6
4219,13,UP,21,1
4220,14,DOWN,3,5
4221,18,UP,22,4
4222,4,UP,16,3
4223,7,UP,13,6
4224,3,UP,15,4
4225,16,UP,17,6
4226,3,UP,23,5
4227,19,DOWN,11,4
4228,5,DOWN,4,2
4229,15,DOWN,6,2
4230,5,DOWN,2,3
4231,13,DOWN,5,2
4232,23,DOWN,2,6
4233,14,UP,16,3
4234,8,UP,18,2
4235,21,DOWN,9,1
4236,16,UP,17,6
4237,13,UP,18,1
4238,23,DOWN,12,4
4239,9,DOWN,8,6
4240,3,UP,17,4
4241,19,DOWN,10,3
4242,16,UP,21,5
4243,6,UP,10,4
4244,17,DOWN,11,6
4245,13,UP,19,1
4246,21,DOWN,3,6
4247,22,DOWN,13,4
4248,13,UP,20,5
4249,3,UP,5,6
4250,10,UP,22,6
4251,4,DOWN,3,4
4252,11,UP,23,5
4253,13,UP,19,2
4254,18,DOWN,13,6
4255,19,DOWN,8,6
4256,21,DOWN,10,2
4257,10,UP,15,2
4258,5,UP,12,1
4259,4,UP,21,3
4260,19,DOWN,18,5
4261,8,DOWN,5,4
4262,10,UP,22,1
4263,13,UP,18,1
4264,17,DOWN,11,2
4265,2,UP,7,5
4266,2,UP,17,4
4267,1,UP,5,5
4268,14,DOWN,9,2
4269,16,DOWN,3,4
4270,23,DOWN,10,5
4271,9,UP,10,1
4272,4,UP,9,3
4273,24,DOWN,22,2
4274,10,DOWN,1,5
4275,1,UP,14,3
4276,2,UP,22,1
4277,19,DOWN,2,3
4278,23,DOWN,7,2
4279,22,DOWN,21,1
4280,10,UP,14,2
4281,6,UP,11,1
4282,3,UP,13,1
4283,12,DOWN,1,2
4284,7,UP,11,4
4285,17,DOWN,1,6
4286,2,UP,7,4
4287,22,DOWN,11,4
4288,22,DOWN,3,6
4289,3,UP,10,1
4290,20,DOWN,5,2
4291,17,UP,22,6
4292,6,DOWN,4,1
4293,22,UP,23,1
4294,13,UP,24,5
4295,24,DOWN,2,5
4296,12,DOWN,3,3
4297,11,DOWN,1,4
4298,23,DOWN,12,6
4299,20,DOWN,8,2
4300,16,DOWN,15,1
4301,23,DOWN,11,3
4302,14,UP,20,1
4303,3,UP,4,6
4304,22,DOWN,14,1
4305,19,DOWN,15,3
4306,24,DOWN,1,6
4307,2,UP,7,6
4308,9,UP,18,3
4309,6,UP,22,2
4310,19,UP,22,2
4311,5,UP,19,6
4312,17,UP,18,5
4313,1,UP,19,5
4314,18,DOWN,4,2
4315,11,UP,14,2
4316,8,DOWN,5,4
4317,19,DOWN,4,5
4318,11,UP,19,5
4319,2,UP,7,4
4320,16,UP,17,2
4321,5,DOWN,1,3
4322,17,DOWN,4,5
4323,3,UP,21,2
4324,16,DOWN,2,2
4325,23,DOWN,19,6
4326,12,DOWN,4,3
4327,8,UP,13,1
4328,10,UP,24,1
4329,8,DOWN,5,4
4330,6,UP,16,3
4331,14,DOWN,7,1
4332,17,DOWN,15,4
4333,10,UP,14,1
4334,9,UP,17,4
4335,16,DOWN,8,3
4336,8,UP,18,1
4337,16,UP,24,5
4338,20,DOWN,5,3
4339,6,DOWN,3,5
4340,5,UP,20,1
4341,6,UP,19,1
4342,5,UP,10,1
4343,2,DOWN,1,6
4344,4,UP,12,4
4345,3,UP,10,2
4346,9,DOWN,8,5
4347,23,DOWN,1,5
4348,8,DOWN,3,4
4349,13,DOWN,7,2
4350,23,DOWN,10,1
4351,13,DOWN,9,4
4352,20,DOWN,12,4
4353,2,UP,18,2
4354,12,UP,24,1
4355,12,DOWN,10,1
4356,7,UP,8,5
4357,6,UP,19,1
4358,15,DOWN,4,2
4359,12,DOWN,2,3
4360,13,DOWN,12,5
4361,14,DOWN,1,2
4362,13,UP,15,1
4363,21,DOWN,4,4
4364,18,DOWN,9,4
4365,7,UP,10,4
4366,16,DOWN,8,6
4367,1,UP,19,2
4368,9,DOWN,6,3
4369,12,DOWN,11,1
4370,9,UP,15,4
4371,4,UP,17,5
4372,5,UP,14,5
4373,10,UP,19,1
4374,22,DOWN,19,6
4375,17,UP,18,1
4376,8,DOWN,4,1
4377,21,UP,22,1
4378,10,UP,22,5
4379,18,DOWN,10,3
4380,15,DOWN,6,6
4381,23,DOWN,14,4
4382,8,UP,17,1
4383,15,UP,17,6
4384,16,DOWN,6,2
4385,17,DOWN,9,2
4386,3,UP,20,4
4387,1,UP,19,6
4388,11,UP,14,2
4389,11,UP,23,2
4390,10,DOWN,6,4
4391,24,DOWN,16,2
4392,8,UP,16,2
4393,14,DOWN,11,3
4394,4,UP,14,6
4395,13,UP,20,6
4396,14,UP,21,5
4397,10,DOWN,1,3
4398,4,UP,24,5
4399,16,DOWN,14,1
4400,10,DOWN,1,1
4401,9,UP,21,3
4402,9,UP,12,3
4403,5,UP,7,6
4404,17,DOWN,11,1
4405,22,DOWN,12,5
4406,13,UP,16,3
4407,7,UP,10,4
4408,11,DOWN,3,2
4409,3,UP,4,4
4410,5,UP,7,3
4411,10,UP,19,3
4412,21,DOWN,19,2
4413,17,DOWN,5,6
4414,22,DOWN,8,6
4415,5,DOWN,2,4
4416,10,UP,11,2
4417,3,UP,23,2
4418,12,UP,22,1
4419,19,DOWN,9,2
4420,15,DOWN,10,4
4421,11,DOWN,4,4
4422,22,DOWN,13,3
4423,18,DOWN,11,1
4424,13,DOWN,5,1
4425,21,DOWN,18,2
4426,6,DOWN,1,2
4427,9,UP,24,1
4428,16,DOWN,12,4
4429,7,UP,21,6
4430,15,UP,18,6
4431,15,DOWN,13,5
4432,12,DOWN,8,1
4433,16,DOWN,2,4
4434,23,DOWN,2,4
4435,19,DOWN,3,2
4436,13,UP,21,5
4437,20,DOWN,4,1
4438,18,UP,23,6
4439,9,UP,16,1
4440,15,UP,22,4
4441,8,UP,21,2
4442,21,DOWN,11,6
4443,21,DOWN,9,1
4444,22,DOWN,6,3
4445,6,UP,23,5
4446,16,DOWN,10,4
4447,20,DOWN,14,2
4448,23,DOWN,2,2
4449,7,UP,11,5
4450,15,DOWN,7,3
4451,19,UP,23,4
4452,6,UP,20,5
4453,5,UP,15,5
4454,11,DOWN,2,6
4455,22,DOWN,18,3
4456,6,UP,21,3
4457,7,UP,21,3
4458,4,UP,9,1
4459,13,UP,20,5
4460,4,UP,9,3
4461,11,DOWN,1,1
4462,17,UP,19,4
4463,22,DOWN,15,1
4464,24,DOWN,12,4
4465,4,UP,6,4
4466,14,UP,15,6
4467,5,DOWN,1,3
4468,1,UP,2,1
4469,3,UP,14,5
4470,7,DOWN,4,4
4471,8,DOWN,4,5
4472,20,DOWN,19,2
4473,13,DOWN,11,2
4474,19,DOWN,12,1
4475,6,DOWN,2,6
4476,14,DOWN,9,6
4477,1,UP,13,4
4478,23,DOWN,12,5
4479,6,DOWN,2,5
4480,12,UP,17,5
4481,24,DOWN,13,6
4482,13,DOWN,1,6
4483,9,UP,16,6
4484,13,DOWN,10,2
4485,22,DOWN,21,5
4486,23,DOWN,2,4
4487,15,UP,17,6
4488,23,DOWN,1,4
4489,1,UP,23,5
4490,10,UP,24,4
4491,22,DOWN,15,6
4492,1,UP,5,3
4493,11,UP,18,2
4494,16,DOWN,11,2
4495,9,UP,20,6
4496,24,DOWN,12,3
4497,3,UP,8,2
4498,17,UP,18,1
4499,13,DOWN,1,5
4500,9,UP,17,4
4501,9,DOWN,5,5
4502,3,UP,23,3
4503,10,UP,15,4
4504,13,UP,22,3
4505,20,DOWN,2,2
4506,9,UP,13,6
4507,18,UP,24,5
4508,2,UP,13,2
4509,10,UP,14,5
4510,9,UP,24,3
4511,8,UP,14,6
4512,13,DOWN,6,1
4513,3,UP,13,4
4514,5,UP,23,3
4515,7,UP,9,1
4516,21,DOWN,5,2
4517,2,UP,11,6
4518,11,UP,16,4
4519,21,DOWN,7,1
4520,11,UP,19,1
4521,10,UP,24,2
4522,9,UP,24,6
4523,19,UP,20,2
4524,5,UP,6,2
4525,17,DOWN,7,5
4526,9,UP,14,2
4527,2,UP,9,4
4528,9,DOWN,7,3
4529,4,UP,9,6
4530,11,DOWN,3,1
4531,5,DOWN,2,2
4532,6,UP,16,2
4533,23,DOWN,3,4
4534,24,DOWN,5,4
4535,16,DOWN,1,6
4536,7,UP,19,2
4537,9,UP,10,5
4538,20,DOWN,14,3
4539,21,DOWN,9,3
4540,2,UP,4,3
4541,18,DOWN,16,5
4542,8,UP,15,6
4543,15,DOWN,1,5
4544,7,UP,18,3
4545,1,UP,24,6
4546,10,UP,14,2
4547,4,UP,15,1
4548,23,DOWN,21,5
4549,5,UP,8,2
4550,2,UP,4,1
4551,21,DOWN,18,4
4552,9,UP,13,4
4553,8,UP,17,1
4554,19,DOWN,8,6
4555,8,UP,15,4
4556,2,UP,16,2
4557,21,DOWN,16,5
4558,12,UP,23,5
4559,23,DOWN,10,3
4560,5,UP,13,1
4561,11,DOWN,2,5
4562,13,DOWN,11,3
4563,22,DOWN,13,2
4564,17,DOWN,4,5
4565,14,DOWN,7,3
4566,9,DOWN,5,1
4567,8,UP,10,4
4568,2,UP,8,2
4569,5,UP,21,1
4570,2,UP,11,1
4571,12,UP,18,3
4572,14,DOWN,7,4
4573,11,UP,18,4
4574,9,UP,24,5
4575,12,DOWN,11,4
4576,2,UP,4,4
4577,10,UP,13,5
4578,14,DOWN,10,3
4579,24,DOWN,14,3
4580,3,UP,12,2
4581,21,DOWN,20,3
4582,19,DOWN,17,1
4583,22,DOWN,13,1
4584,12,UP,18,5
4585,23,DOWN,8,6
4586,8,UP,18,2
4587,20,DOWN,16,6
4588,20,DOWN,1,4
4589,24,DOWN,6,5
4590,9,DOWN,3,2
4591,16,DOWN,8,4
4592,18,UP,19,2
4593,17,UP,22,6
4594,1,UP,15,4
4595,10,UP,21,5
4596,4,UP,11,4
4597,4,UP,13,5
4598,16,UP,24,2
4599,6,UP,24,6
4600,23,DOWN,19,3
4601,11,UP,15,6
4602,16,UP,24,1
4603,20,DOWN,5,3
4604,13,DOWN,2,1
4605,14,UP,15,5
4606,22,DOWN,16,1
4607,11,DOWN,10,5
4608,7,UP,20,3
4609,10,UP,24,4
4610,24,DOWN,6,2
4611,1,UP,18,2
4612,24,DOWN,11,4
4613,8,UP,18,1
4614,7,UP,20,3
4615,20,DOWN,9,2
4616,14,UP,16,5
4617,1,UP,4,1
4618,17,DOWN,8,3
4619,24,DOWN,19,5
4620,19,DOWN,8,1
4621,11,UP,20,5
4622,23,DOWN,21,3
4623,15,DOWN,2,4
4624,11,UP,22,2
4625,12,DOWN,8,6
4626,17,DOWN,5,1
4627,6,UP,7,2
4628,18,UP,23,6
4629,18,UP,23,2
4630,5,UP,24,2
4631,6,UP,17,3
4632,11,DOWN,8,1
4633,21,DOWN,8,3
4634,18,DOWN,4,2
4635,12,DOWN,2,4
4636,17,UP,24,2
4637,2,UP,13,1
4638,10,UP,18,2
4639,16,DOWN,2,2
4640,14,UP,21,6
4641,16,DOWN,4,3
4642,10,UP,18,1
4643,24,DOWN,22,1
4644,2,UP,11,2
4645,1,UP,6,2
4646,10,DOWN,9,6
4647,11,DOWN,4,6
4648,7,UP,15,4
4649,7,UP,24,2
4650,3,UP,9,6
4651,10,DOWN,6,1
4652,21,DOWN,9,6
4653,6,DOWN,2,5
4654,17,DOWN,1,6
4655,9,DOWN,6,1
4656,15,DOWN,12,1
4657,6,DOWN,2,2
4658,3,UP,24,5
4659,14,UP,24,2
4660,24,DOWN,17,2
4661,20,DOWN,17,5
4662,7,UP,22,1
4663,12,DOWN,9,6
4664,24,DOWN,2,6
4665,15,DOWN,8,2
4666,12,UP,14,4
4667,4,UP,6,3
4668,19,DOWN,8,4
4669,16,UP,18,6
4670,4,UP,8,1
4671,22,DOWN,3,2
4672,13,DOWN,7,6
4673,3,UP,10,2
4674,10,DOWN,4,5
4675,3,UP,5,1
4676,12,DOWN,9,4
4677,23,DOWN,3,2
4678,9,DOWN,3,5
4679,7,UP,10,6
4680,2,UP,8,4
4681,7,UP,20,5
4682,11,DOWN,9,2
4683,16,DOWN,2,1
4684,12,DOWN,3,6
4685,21,DOWN,6,3
4686,19,UP,22,4
4687,6,UP,8,4
4688,1,UP,18,5
4689,12,DOWN,11,1
4690,19,DOWN,9,4
4691,4,DOWN,2,1
4692,17,DOWN,3,3
4693,6,UP,9,1
4694,17,UP,19,5
4695,16,UP,19,3
4696,13,DOWN,3,1
4697,8,DOWN,5,3
4698,6,UP,13,5
4699,10,UP,16,4
4700,21,DOWN,11,5
4701,24,DOWN,23,1
4702,24,DOWN,1,4
4703,21,DOWN,12,6
4704,8,UP,13,6
4705,20,DOWN,9,2
4706,2,UP,24,6
4707,16,UP,20,3
4708,8,DOWN,3,6
4709,21,DOWN,20,6
4710,21,DOWN,7,5
4711,11,UP,15,2
4712,15,DOWN,5,1
4713,23,DOWN,14,6
4714,11,UP,21,1
4715,24,DOWN,7,1
4716,9,DOWN,1,2
4717,1,UP,7,2
4718,20,DOWN,7,4
4719,2,UP,16,2
4720,23,DOWN,12,1
4721,21,UP,22,3
4722,13,UP,18,6
4723,4,UP,14,5
4724,8,UP,10,2
4725,12,DOWN,8,1
4726,21,DOWN,15,4
4727,19,DOWN,17,5
4728,22,DOWN,3,4
4729,21,DOWN,3,5
4730,16,DOWN,3,2
4731,4,UP,5,3
4732,15,DOWN,9,3
4733,17,DOWN,10,6
4734,20,DOWN,13,6
4735,17,UP,24,3
4736,9,UP,11,6
4737,13,UP,23,2
4738,8,UP,24,4
4739,6,UP,14,6
4740,19,DOWN,12,1
4741,5,UP,11,6
4742,19,DOWN,4,4
4743,9,UP,23,4
4744,4,UP,18,5
4745,16,DOWN,7,4
4746,24,DOWN,23,1
4747,5,DOWN,3,2
4748,13,DOWN,10,2
4749,12,DOWN,7,2
4750,12,UP,19,1
4751,8,UP,11,2
4752,1,UP,22,1
4753,9,DOWN,5,3
4754,4,UP,5,4
4755,11,UP,21,5
4756,11,UP,19,2
4757,3,DOWN,2,3
4758,7,UP,18,3
4759,14,DOWN,11,1
4760,3,UP,20,5
4761,21,DOWN,14,5
4762,2,UP,9,3
4763,11,UP,23,3
4764,18,DOWN,14,3
4765,8,UP,13,5
4766,3,UP,9,3
4767,6,UP,23,4
4768,13,DOWN,8,5
4769,8,UP,9,3
4770,14,UP,15,6
4771,5,UP,6,2
4772,23,DOWN,9,2
4773,7,UP,16,4
4774,5,UP,16,5
4775,22,DOWN,7,6
4776,4,UP,13,3
4777,23,UP,24,6
4778,16,DOWN,8,2
4779,6,UP,8,2
4780,18,DOWN,13,4
4781,19,DOWN,15,2
4782,10,UP,20,3
4783,4,UP,14,2
4784,19,DOWN,7,5
4785,23,DOWN,5,1
4786,18,DOWN,7,2
4787,11,UP,18,4
4788,8,UP,22,4
4789,12,DOWN,3,5
4790,6,UP,24,2
4791,10,UP,19,1
4792,23,DOWN,10,4
4793,14,DOWN,8,6
4794,23,DOWN,2,5
4795,6,UP,20,4
4796,2,UP,10,5
4797,24,DOWN,22,1
4798,20,UP,22,4
4799,24,DOWN,23,4
4800,14,UP,23,1
4801,5,UP,19,2
4802,24,DOWN,1,4
4803,2,DOWN,1,1
4804,1,UP,20,5
4805,7,UP,15,6
4806,3,UP,8,6
4807,24,DOWN,21,3
4808,19,UP,23,1
4809,14,UP,16,1
4810,21,DOWN,11,1
4811,15,UP,23,5
4812,20,DOWN,6,3
4813,1,UP,6,2
4814,9,DOWN,4,6
4815,18,DOWN,5,5
4816,12,UP,19,2
4817,1,UP,12,1
4818,20,UP,21,2
4819,8,UP,21,1
4820,6,UP,18,1
4821,24,DOWN,17,4
4822,12,UP,13,1
4823,14,DOWN,10,3
4824,18,DOWN,14,3
4825,12,UP,20,5
4826,10,DOWN,3,1
4827,24,DOWN,15,1
4828,14,DOWN,11,1
4829,4,UP,5,5
4830,11,UP,21,1
4831,14,DOWN,13,1
4832,22,DOWN,14,6
4833,15,UP,23,2
4834,16,UP,22,3
4835,20,DOWN,12,6
4836,9,UP,20,3
4837,20,DOWN,1,1
4838,3,UP,22,5
4839,21,UP,22,1
4840,23,DOWN,18,1
4841,6,UP,9,2
4842,10,DOWN,8,5
4843,24,DOWN,14,1
4844,3,UP,11,5
4845,16,DOWN,10,4
4846,22,DOWN,8,2
4847,24,DOWN,11,6
4848,14,UP,20,2
4849,24,DOWN,3,6
4850,18,DOWN,4,3
4851,23,DOWN,7,1
4852,21,DOWN,5,3
4853,13,UP,15,4
4854,15,DOWN,5,2
4855,18,DOWN,3,6
4856,5,UP,16,6
4857,12,DOWN,6,6
4858,19,DOWN,9,4
4859,7,DOWN,1,1
4860,4,UP,12,4
4861,21,DOWN,10,3
4862,23,DOWN,15,2
4863,9,DOWN,7,5
4864,22,UP,23,4
4865,2,UP,4,6
4866,12,UP,18,1
4867,22,DOWN,20,5
4868,16,DOWN,9,6
4869,24,DOWN,10,4
4870,2,UP,5,2
4871,15,DOWN,9,2
4872,21,DOWN,12,3
4873,16,UP,24,2
4874,13,UP,23,4
4875,5,DOWN,3,2
4876,1,UP,4,2
4877,12,UP,22,6
4878,6,UP,7,6
4879,21,DOWN,8,2
4880,23,DOWN,7,4
4881,9,DOWN,3,2
4882,6,UP,21,5
4883,6,UP,22,6
4884,24,DOWN,22,1
4885,10,UP,11,1
4886,4,UP,12,2
4887,23,DOWN,17,3
4888,4,DOWN,1,5
4889,13,DOWN,2,5
4890,3,UP,14,5
4891,3,DOWN,1,6
4892,8,UP,16,2
4893,19,DOWN,4,1
4894,6,UP,22,5
4895,4,UP,8,2
4896,3,UP,7,1
4897,18,UP,23,6
4898,13,DOWN,2,4
4899,3,DOWN,2,5
4900,14,UP,18,6
4901,22,DOWN,10,6
4902,3,UP,22,3
4903,12,UP,20,6
4904,22,DOWN,3,4
4905,21,DOWN,6,4
4906,13,UP,18,2
4907,7,UP,11,4
4908,9,UP,17,4
4909,17,DOWN,6,1
4910,1,UP,5,6
4911,1,UP,11,1
4912,18,UP,20,6
4913,8,UP,24,2
4914,1,UP,19,6
4915,1,UP,16,1
4916,10,DOWN,4,6
4917,23,DOWN,11,6
4918,1,UP,15,6
4919,12,DOWN,9,3
4920,24,DOWN,18,6
4921,10,DOWN,7,2
4922,17,UP,21,4
4923,21,DOWN,1,3
4924,10,DOWN,4,2
4925,14,UP,23,6
4926,8,UP,14,4
4927,16,DOWN,11,2
4928,19,DOWN,10,4
4929,23,DOWN,21,5
4930,11,UP,19,4
4931,15,UP,18,2
4932,7,UP,13,4
4933,23,DOWN,6,4
4934,16,DOWN,4,4
4935,20,DOWN,19,2
4936,5,DOWN,4,2
4937,4,UP,17,2
4938,17,DOWN,10,1
4939,7,UP,14,2
4940,4,UP,17,2
4941,3,UP,14,4
4942,11,DOWN,4,4
4943,17,DOWN,14,2
4944,15,DOWN,12,2
4945,4,UP,6,5
4946,8,UP,13,4
4947,16,DOWN,2,6
4948,11,DOWN,5,4
4949,10,UP,12,2
4950,10,DOWN,2,1
4951,19,DOWN,13,6
4952,21,DOWN,18,1
4953,9,DOWN,4,4
4954,20,DOWN,4,6
4955,18,UP,24,6
4956,13,DOWN,2,4
4957,7,UP,11,2
4958,20,DOWN,6,1
4959,18,DOWN,2,6
4960,20,UP,22,4
4961,5,DOWN,2,1
4962,20,DOWN,5,1
4963,17,DOWN,11,3
4964,6,DOWN,2,5
4965,6,UP,13,1
4966,17,UP,24,3
4967,24,DOWN,4,3
4968,11,DOWN,6,5
4969,10,DOWN,5,3
4970,17,UP,20,5
4971,8,UP,17,5
4972,14,DOWN,13,4
4973,14,UP,22,6
4974,9,DOWN,8,3
4975,3,DOWN,2,2
4976,19,DOWN,16,4
4977,8,UP,20,5
4978,3,UP,22,6
4979,20,DOWN,16,3
4980,10,UP,21,5
4981,24,DOWN,7,1
4982,24,DOWN,20,1
4983,3,UP,15,4
4984,3,UP,22,1
4985,10,UP,20,4
4986,2,UP,7,1
4987,5,UP,11,6
4988,22,DOWN,7,1
4989,20,DOWN,18,6
4990,23,DOWN,12,3
4991,23,DOWN,20,6
4992,2,DOWN,1,2
4993,11,UP,19,1
4994,10,UP,14,3
4995,7,UP,9,1
4996,20,DOWN,7,2
4997,6,UP,13,5
4998,4,DOWN,1,4
4999,12,UP,20,3
5000,20,DOWN,16,3
5001,16,DOWN,10,3
5002,4,UP,9,1
5003,13,DOWN,8,3
5004,24,DOWN,22,5
5005,10,DOWN,3,6
5006,9,DOWN,1,3
5007,11,UP,23,2
5008,12,UP,19,4
5009,22,DOWN,9,5
5010,3,UP,17,2
5011,3,DOWN,1,4
5012,3,UP,5,1
5013,24,DOWN,9,2
5014,14,DOWN,2,3
5015,21,DOWN,9,5
5016,19,DOWN,10,1
5017,9,UP,24,6
5018,16,DOWN,1,5
5019,20,DOWN,18,4
5020,15,UP,16,3
5021,16,DOWN,13,1
5022,11,DOWN,5,4
5023,11,UP,22,3
5024,22,DOWN,4,6
5025,22,DOWN,4,3
5026,22,DOWN,6,4
5027,8,UP,22,3
5028,1,UP,12,2
5029,5,UP,6,3
5030,6,DOWN,3,1
5031,7,UP,21,6
5032,19,DOWN,3,1
5033,6,UP,15,2
5034,17,DOWN,14,4
5035,6,UP,23,3
5036,10,DOWN,1,5
5037,21,DOWN,8,1
5038,11,UP,16,5
5039,8,DOWN,7,4
5040,2,UP,21,2
5041,10,DOWN,4,5
5042,1,UP,12,5
5043,1,UP,13,3
5044,2,UP,24,2
5045,22,DOWN,6,6
5046,10,DOWN,2,5
5047,13,DOWN,6,4
5048,14,UP,15,2
5049,7,UP,16,2
5050,21,DOWN,9,5
5051,13,UP,21,2
5052,19,DOWN,12,1
5053,1,UP,23,1
5054,5,UP,9,3
5055,15,UP,22,5
5056,2,UP,11,1
5057,2,UP,18,2
5058,1,UP,11,6
5059,17,UP,19,1
5060,5,UP,12,3
5061,1,UP,11,1
5062,24,DOWN,15,5
5063,3,UP,24,3
5064,22,DOWN,9,2
5065,19,DOWN,13,3
5066,17,DOWN,1,1
5067,22,DOWN,17,6
5068,21,DOWN,14,2
5069,10,UP,20,4
5070,8,UP,17,4
5071,2,UP,6,2
5072,8,UP,21,4
5073,18,DOWN,6,5
5074,20,UP,21,6
5075,10,UP,21,4
5076,11,UP,21,3
5077,17,UP,20,1
5078,1,UP,11,5
5079,7,UP,11,3
5080,9,DOWN,2,3
5081,24,DOWN,10,5
5082,24,DOWN,11,4
5083,22,UP,24,3
5084,2,UP,18,2
5085,16,DOWN,8,6
5086,2,UP,17,6
5087,21,DOWN,12,5
5088,17,DOWN,3,3
5089,22,DOWN,12,3
5090,23,DOWN,4,1
5091,3,UP,7,1
5092,15,DOWN,5,6
5093,9,UP,14,6
5094,7,DOWN,3,5
5095,14,DOWN,13,4
5096,23,DOWN,1,6
5097,22,DOWN,20,1
5098,17,UP,19,6
5099,10,UP,13,4
5100,1,UP,7,6
5101,20,DOWN,19,1
5102,6,UP,11,1
5103,17,DOWN,2,2
5104,24,DOWN,4,3
5105,20,DOWN,15,2
5106,9,UP,11,1
5107,22,DOWN,7,4
5108,1,UP,22,2
5109,21,UP,23,1
5110,24,DOWN,2,5
5111,24,DOWN,5,5
5112,8,DOWN,3,1
5113,1,UP,18,1
5114,16,UP,24,1
5115,11,DOWN,6,1
5116,22,DOWN,13,3
5117,17,UP,20,1
5118,9,DOWN,6,4
5119,19,DOWN,6,2
5120,1,UP,4,5
5121,10,UP,23,6
5122,4,UP,6,1
5123,14,DOWN,1,5
5124,6,UP,24,1
5125,4,UP,21,4
5126,8,UP,18,4
5127,14,DOWN,7,3
5128,3,UP,17,4
5129,23,DOWN,3,1
5130,12,UP,19,1
5131,23,DOWN,20,6
5132,21,DOWN,6,2
5133,2,UP,15,1
5134,22,UP,23,5
5135,11,UP,20,2
5136,17,DOWN,7,2
5137,16,DOWN,11,5
5138,17,DOWN,15,5
5139,8,UP,18,4
5140,7,UP,15,1
5141,16,DOWN,10,2
5142,13,DOWN,11,5
5143,3,UP,17,2
5144,9,UP,17,4
5145,8,UP,24,5
5146,9,DOWN,3,3
5147,20,DOWN,11,5
5148,1,UP,21,5
5149,22,UP,23,3
5150,19,DOWN,5,2
5151,13,UP,15,1
5152,9,DOWN,7,5
5153,4,UP,11,6
5154,7,UP,13,1
5155,8,UP,24,2
5156,13,DOWN,5,4
5157,14,DOWN,8,6
5158,5,UP,21,6
5159,12,DOWN,7,5
5160,19,DOWN,4,1
5161,2,UP,10,6
5162,5,UP,18,4
5163,19,DOWN,18,5
5164,11,UP,13,3
5165,4,UP,11,1
5166,5,UP,7,1
5167,19,DOWN,6,5
5168,19,DOWN,1,4
5169,13,DOWN,3,4
5170,11,DOWN,1,2
5171,16,UP,23,2
5172,10,DOWN,7,5
5173,15,DOWN,7,2
5174,22,UP,23,4
5175,11,DOWN,8,3
5176,20,UP,22,1
5177,14,DOWN,12,4
5178,22,DOWN,13,3
5179,1,UP,22,1
5180,21,DOWN,19,4
5181,21,DOWN,14,4
5182,19,UP,21,6
5183,10,DOWN,6,4
5184,23,DOWN,16,6
5185,3,UP,18,2
5186,18,DOWN,10,5
5187,21,DOWN,14,5
5188,7,UP,24,6
5189,10,UP,18,4
5190,4,DOWN,1,6
5191,4,DOWN,1,1
5192,20,DOWN,3,5
5193,19,DOWN,7,4
5194,17,DOWN,13,2
5195,1,UP,11,6
5196,8,DOWN,2,4
5197,24,DOWN,9,5
5198,9,UP,22,2
5199,21,UP,23,2
5200,8,UP,17,2
5201,3,UP,9,3
5202,22,DOWN,19,5
5203,10,UP,17,6
5204,3,UP,24,6
5205,10,DOWN,9,3
5206,10,DOWN,8,1
5207,15,UP,22,2
5208,14,UP,22,4
5209,20,DOWN,5,5
5210,1,UP,16,1
5211,9,DOWN,2,5
5212,4,UP,20,6
5213,22,DOWN,13,5
5214,19,DOWN,9,3
5215,7,DOWN,5,2
5216,4,UP,12,1
5217,7,DOWN,6,1
5218,23,DOWN,17,1
5219,17,DOWN,15,4
5220,4,UP,5,1
5221,9,UP,19,2
5222,9,DOWN,8,4
5223,24,DOWN,22,6
5224,19,DOWN,8,1
5225,21,DOWN,11,6
5226,20,UP,21,2
5227,5,UP,15,3
5228,9,UP,24,3
5229,7,UP,21,3
5230,22,DOWN,13,2
5231,10,UP,13,3
5232,17,DOWN,16,5
5233,2,UP,3,1
5234,19,DOWN,7,3
5235,3,UP,15,6
5236,7,UP,17,5
5237,10,DOWN,8,5
5238,13,DOWN,1,5
5239,5,UP,11,1
5240,15,DOWN,9,2
5241,4,UP,6,6
5242,24,DOWN,17,3
5243,9,DOWN,6,6
5244,18,DOWN,5,5
5245,5,UP,6,5
5246,9,UP,16,2
5247,12,DOWN,4,5
5248,13,DOWN,6,6
5249,23,DOWN,17,3
5250,24,DOWN,11,3
5251,20,UP,22,6
5252,6,UP,23,1
5253,4,UP,18,3
5254,6,UP,16,1
5255,17,DOWN,1,6
5256,4,UP,17,1
5257,8,UP,23,4
5258,12,DOWN,7,5
5259,20,DOWN,16,5
5260,1,UP,23,6
5261,13,DOWN,3,6
5262,14,UP,16,5
5263,21,DOWN,18,2
5264,6,UP,20,3
5265,2,UP,18,1
5266,14,DOWN,2,5
5267,1,UP,13,5
5268,3,DOWN,2,3
5269,10,UP,18,4
5270,14,UP,19,3
5271,14,DOWN,8,6
5272,13,DOWN,6,6
5273,8,UP,13,5
5274,19,DOWN,11,3
5275,3,UP,15,3
5276,5,DOWN,1,4
5277,24,DOWN,6,1
5278,1,UP,18,3
5279,19,DOWN,1,3
5280,16,DOWN,3,6
5281,17,DOWN,4,3
5282,14,DOWN,10,2
5283,16,UP,17,1
5284,8,DOWN,1,2
5285,6,UP,15,4
5286,6,UP,23,6
5287,4,UP,23,4
5288,5,UP,14,2
5289,4,UP,21,6
5290,24,DOWN,18,3
5291,11,UP,20,3
5292,21,DOWN,8,5
5293,1,UP,12,4
5294,12,UP,15,6
5295,6,UP,12,4
5296,13,UP,21,4
5297,8,UP,20,3
5298,7,UP,16,3
5299,20,UP,21,6
5300,6,UP,18,1
5301,16,UP,18,3
5302,24,DOWN,6,5
5303,2,UP,14,1
5304,16,DOWN,14,3
5305,22,DOWN,2,3
5306,17,UP,21,4
5307,8,UP,16,2
5308,16,UP,24,1
5309,22,DOWN,21,3
5310,18,DOWN,8,3
5311,20,DOWN,9,4
5312,5,UP,10,6
5313,6,UP,8,6
5314,12,UP,15,4
5315,9,DOWN,3,3
5316,20,DOWN,9,2
5317,15,DOWN,10,2
5318,18,DOWN,9,5
5319,5,DOWN,3,6
5320,1,UP,2,4
5321,15,DOWN,7,1
5322,20,DOWN,17,4
5323,5,UP,6,3
5324,13,DOWN,9,1
5325,5,UP,13,3
5326,24,DOWN,18,3
5327,15,DOWN,7,2
5328,23,DOWN,15,3
5329,6,UP,8,2
5330,19,DOWN,18,3
5331,12,UP,17,2
5332,18,DOWN,2,4
5333,18,DOWN,12,5
5334,24,DOWN,2,1
5335,19,DOWN,9,5
5336,2,UP,23,5
5337,21,DOWN,15,3
5338,17,DOWN,1,4
5339,16,DOWN,2,3
5340,3,UP,14,4
5341,8,UP,23,4
5342,22,DOWN,15,5
5343,13,DOWN,8,6
5344,23,DOWN,13,5
5345,16,DOWN,11,6
5346,21,DOWN,5,4
5347,12,DOWN,8,1
5348,1,UP,22,6
5349,20,DOWN,19,1
5350,2,UP,16,1
5351,10,UP,11,2
5352,6,DOWN,3,6
5353,4,DOWN,3,3
5354,1,UP,6,4
5355,7,DOWN,6,5
5356,6,UP,16,1
5357,14,DOWN,11,6
5358,21,DOWN,11,4
5359,3,UP,6,1
5360,24,DOWN,11,1
5361,3,UP,9,1
5362,13,DOWN,3,2
5363,11,DOWN,1,6
5364,24,DOWN,20,4
5365,3,DOWN,2,5
5366,20,DOWN,15,6
5367,7,UP,20,5
5368,4,UP,9,1
5369,18,DOWN,10,6
5370,21,UP,23,2
5371,16,DOWN,3,3
5372,16,UP,24,1
5373,7,UP,19,5
5374,24,DOWN,23,2
5375,4,UP,19,3
5376,23,DOWN,4,1
5377,19,UP,23,5
5378,23,DOWN,15,1
5379,6,UP,9,6
5380,6,UP,16,2
5381,22,DOWN,3,4
5382,11,UP,15,5
5383,3,UP,21,5
5384,23,DOWN,11,5
5385,20,DOWN,15,6
5386,18,UP,23,4
5387,5,UP,20,1
5388,18,DOWN,2,6
5389,20,DOWN,14,5
5390,21,DOWN,18,3
5391,6,DOWN,3,6
5392,16,DOWN,7,6
5393,20,DOWN,8,5
5394,21,DOWN,6,4
5395,11,UP,15,5
5396,16,DOWN,12,4
5397,11,UP,16,4
5398,5,DOWN,2,5
5399,2,UP,8,1
5400,10,UP,20,3
5401,19,UP,24,5
5402,19,DOWN,11,1
5403,9,UP,14,3
5404,10,UP,23,6
5405,17,DOWN,1,6
5406,24,DOWN,19,5
5407,13,DOWN,11,4
5408,21,DOWN,7,6
5409,20,DOWN,15,6
5410,6,UP,8,6
5411,4,UP,15,1
5412,24,DOWN,12,6
5413,15,UP,18,2
5414,17,DOWN,6,5
5415,15,DOWN,11,3
5416,6,UP,8,3
5417,12,UP,24,2
5418,6,DOWN,1,4
5419,16,DOWN,12,2
5420,16,DOWN,8,3
5421,15,DOWN,14,1
5422,15,DOWN,2,5
5423,12,DOWN,1,3
5424,16,UP,24,1
5425,13,DOWN,12,2
5426,20,DOWN,9,1
5427,16,DOWN,14,5
5428,10,DOWN,9,1
5429,10,DOWN,8,5
5430,3,UP,16,2
5431,2,UP,6,3
5432,2,UP,5,4
5433,7,UP,9,4
5434,12,DOWN,6,2
5435,22,DOWN,1,5
5436,20,UP,21,6
5437,7,DOWN,6,5
5438,14,DOWN,2,2
5439,2,UP,13,1
5440,16,DOWN,11,5
5441,7,UP,18,1
5442,17,UP,22,2
5443,14,UP,18,2
5444,15,DOWN,9,2
5445,17,DOWN,1,6
5446,19,DOWN,11,6
5447,15,UP,19,4
5448,22,DOWN,4,1
5449,12,DOWN,9,2
5450,16,DOWN,3,2
5451,15,UP,22,3
5452,17,DOWN,5,2
5453,14,UP,21,4
5454,5,UP,10,3
5455,18,UP,19,5
5456,4,UP,13,3
5457,18,DOWN,10,1
5458,16,UP,20,5
5459,23,DOWN,4,5
5460,18,DOWN,10,6
5461,16,DOWN,3,5
5462,12,DOWN,1,1
5463,1,UP,6,5
5464,13,DOWN,4,5
5465,5,UP,12,1
5466,9,UP,24,2
5467,7,DOWN,2,3
5468,13,UP,17,5
5469,14,DOWN,4,1
5470,10,UP,18,6
5471,21,DOWN,11,3
5472,1,UP,3,1
5473,12,UP,19,6
5474,9,DOWN,4,2
5475,23,DOWN,9,1
5476,8,DOWN,6,1
5477,5,UP,19,5
5478,4,UP,13,4
5479,12,DOWN,7,3
5480,6,UP,11,1
5481,20,DOWN,15,4
5482,9,UP,14,1
5483,18,UP,20,3
5484,6,UP,19,2
5485,7,DOWN,2,2
5486,10,UP,17,4
5487,17,DOWN,7,4
5488,4,UP,13,3
5489,23,DOWN,3,4
5490,23,DOWN,2,3
5491,24,DOWN,5,5
5492,1,UP,20,4
5493,21,DOWN,10,4
5494,4,UP,12,5
5495,17,UP,20,4
5496,23,DOWN,15,6
5497,21,DOWN,17,3
5498,18,UP,19,4
5499,23,DOWN,8,5
5500,23,DOWN,16,3
5501,16,DOWN,4,6
5502,3,UP,16,6
5503,14,UP,16,5
5504,14,UP,24,6
5505,7,UP,13,1
5506,14,DOWN,4,5
5507,10,UP,14,6
5508,9,DOWN,3,2
5509,11,UP,18,3
5510,4,UP,15,4
5511,7,UP,13,6
5512,12,DOWN,2,1
5513,21,UP,22,2
5514,2,UP,18,1
5515,19,DOWN,17,2
5516,21,DOWN,19,2
5517,12,DOWN,4,3
5518,10,DOWN,3,4
5519,20,DOWN,18,4
5520,7,DOWN,6,5
5521,13,UP,19,6
5522,21,DOWN,17,1
5523,23,DOWN,6,5
5524,4,UP,17,2
5525,17,DOWN,4,2
5526,15,DOWN,11,3
5527,11,DOWN,10,6
5528,15,DOWN,4,3
5529,4,UP,10,2
5530,15,DOWN,2,4
5531,20,DOWN,5,3
5532,21,DOWN,15,2
5533,22,DOWN,2,6
5534,23,DOWN,16,3
5535,17,DOWN,10,6
5536,8,DOWN,2,1
5537,5,UP,18,1
5538,15,UP,23,2
5539,14,UP,20,3
5540,9,UP,13,2
5541,24,DOWN,3,2
5542,10,UP,12,2
5543,5,UP,7,5
5544,15,DOWN,2,1
5545,7,UP,9,6
5546,2,UP,5,2
5547,14,UP,18,4
5548,22,DOWN,20,1
5549,17,DOWN,8,1
5550,9,UP,20,2
5551,6,UP,11,1
5552,9,DOWN,2,4
5553,4,UP,24,1
5554,3,UP,23,5
5555,18,DOWN,16,3
5556,13,DOWN,1,4
5557,13,UP,19,5
5558,18,DOWN,11,6
5559,8,UP,14,1
5560,21,DOWN,19,6
5561,11,DOWN,3,1
5562,7,UP,20,3
5563,8,UP,18,5
5564,17,DOWN,10,5
5565,21,DOWN,2,5
5566,22,DOWN,18,3
5567,15,DOWN,13,5
5568,16,UP,24,4
5569,6,DOWN,2,2
5570,2,UP,3,6
5571,3,UP,4,4
5572,22,DOWN,7,6
5573,2,UP,3,6
5574,8,UP,24,1
5575,5,UP,15,3
5576,8,DOWN,1,3
5577,11,DOWN,3,3
5578,22,DOWN,21,1
5579,21,DOWN,4,2
5580,11,DOWN,10,2
5581,24,DOWN,22,2
5582,2,UP,17,4
5583,22,DOWN,18,1
5584,18,UP,22,5
5585,10,UP,13,2
5586,1,UP,15,2
5587,22,DOWN,6,3
5588,10,DOWN,8,3
5589,20,DOWN,14,3
5590,18,UP,21,5
5591,1,UP,18,1
5592,15,UP,23,5
5593,18,DOWN,7,4
5594,20,DOWN,13,1
5595,16,DOWN,9,3
5596,12,UP,22,3
5597,15,UP,16,5
5598,21,DOWN,15,2
5599,1,UP,4,2
5600,20,DOWN,19,5
5601,3,UP,12,1
5602,22,DOWN,2,4
5603,1,UP,19,1
5604,21,DOWN,4,1
5605,16,UP,20,4
5606,19,UP,22,4
5607,10,UP,22,2
5608,5,DOWN,2,3
5609,7,UP,21,4
5610,7,UP,24,4
5611,3,UP,9,5
5612,14,DOWN,9,1
5613,2,UP,17,5
5614,18,DOWN,14,5
5615,20,DOWN,3,5
5616,21,DOWN,5,6
5617,18,DOWN,8,5
5618,13,UP,21,5
5619,16,DOWN,3,3
5620,9,UP,23,1
5621,18,UP,22,2
5622,17,DOWN,9,5
5623,7,DOWN,5,3
5624,16,UP,17,5
5625,22,DOWN,6,5
5626,7,UP,17,4
5627,21,DOWN,20,6
5628,21,DOWN,3,3
5629,20,DOWN,11,4
5630,1,UP,5,3
5631,3,UP,7,3
5632,21,UP,24,5
5633,5,UP,7,2
5634,14,DOWN,13,4
5635,1,UP,6,1
5636,1,UP,16,6
5637,4,UP,6,1
5638,7,UP,10,2
5639,15,DOWN,11,1
5640,21,UP,22,4
5641,23,DOWN,8,1
5642,5,DOWN,3,6
5643,9,DOWN,5,6
5644,19,UP,23,5
5645,5,UP,18,6
5646,1,UP,24,2
5647,11,DOWN,6,3
5648,13,DOWN,5,4
5649,13,DOWN,10,2
5650,13,DOWN,9,1
5651,13,UP,21,4
5652,1,UP,6,4
5653,4,UP,10,3
5654,19,DOWN,13,6
5655,20,UP,24,1
5656,22,DOWN,6,4
5657,7,UP,9,1
5658,23,DOWN,14,1
5659,12,DOWN,2,5
5660,9,UP,19,2
5661,18,DOWN,3,4
5662,20,UP,23,3
5663,23,DOWN,19,5
5664,2,UP,17,6
5665,23,DOWN,22,1
5666,18,UP,24,1
5667,10,UP,13,4
5668,15,DOWN,13,6
5669,11,DOWN,2,6
5670,1,UP,2,3
5671,23,DOWN,5,2
5672,14,DOWN,6,6
5673,2,UP,3,6
5674,21,DOWN,9,2
5675,7,DOWN,1,4
5676,21,DOWN,2,6
5677,12,DOWN,11,5
5678,22,DOWN,11,3
5679,1,UP,20,4
5680,21,DOWN,10,2
5681,18,DOWN,1,5
5682,14,DOWN,10,5
5683,7,UP,15,3
5684,23,DOWN,22,5
5685,3,UP,18,6
5686,13,UP,23,2
5687,12,UP,19,1
5688,21,DOWN,2,4
5689,11,UP,13,6
5690,22,DOWN,19,5
5691,17,UP,20,4
5692,6,UP,23,3
5693,11,UP,18,5
5694,3,UP,13,2
5695,10,UP,18,2
5696,18,DOWN,1,5
5697,21,UP,24,1
5698,8,DOWN,2,2
5699,22,DOWN,15,4
5700,20,UP,23,1
5701,7,UP,15,6
5702,5,DOWN,1,6
5703,10,UP,17,3
5704,18,DOWN,17,6
5705,13,UP,19,3
5706,9,DOWN,2,1
5707,17,DOWN,8,4
5708,5,UP,21,3
5709,11,DOWN,2,5
5710,1,UP,4,2
5711,4,UP,9,1
5712,5,UP,12,3
5713,24,DOWN,12,4
5714,3,UP,14,2
5715,11,UP,15,6
5716,2,UP,20,2
5717,16,DOWN,15,2
5718,21,DOWN,6,1
5719,24,DOWN,18,2
5720,8,UP,10,6
5721,16,DOWN,3,6
5722,4,UP,19,1
5723,13,UP,22,2
5724,17,UP,24,4
5725,12,DOWN,5,3
5726,21,DOWN,6,3
5727,19,DOWN,9,1
5728,18,DOWN,6,5
5729,10,UP,14,3
5730,10,UP,18,5
5731,21,DOWN,5,3
5732,2,UP,24,2
5733,8,UP,12,6
5734,14,DOWN,3,4
5735,12,UP,17,4
5736,6,UP,13,1
5737,17,UP,19,5
5738,10,DOWN,4,6
5739,11,DOWN,8,5
5740,16,DOWN,11,2
5741,5,UP,14,3
5742,4,DOWN,2,1
5743,15,UP,20,5
5744,2,UP,6,2
5745,23,DOWN,15,2
5746,19,DOWN,18,3
5747,18,UP,19,4
5748,6,DOWN,4,1
5749,7,UP,14,1
5750,13,UP,17,3
5751,3,UP,4,6
5752,2,UP,20,6
5753,10,DOWN,8,5
5754,24,DOWN,15,5
5755,1,UP,20,4
5756,23,DOWN,19,4
5757,12,DOWN,2,4
5758,15,DOWN,2,1
5759,6,UP,14,3
5760,8,UP,14,3
5761,23,DOWN,15,1
5762,6,UP,9,3
5763,12,UP,23,6
5764,24,DOWN,5,6
5765,19,DOWN,2,4
5766,21,DOWN,20,1
5767,11,DOWN,3,6
5768,20,DOWN,8,1
5769,24,DOWN,13,5
5770,14,DOWN,10,2
5771,1,UP,4,6
5772,23,DOWN,9,6
5773,22,DOWN,13,1
5774,15,UP,17,3
5775,23,DOWN,5,6
5776,14,DOWN,3,3
5777,23,DOWN,14,3
5778,8,UP,13,3
5779,15,DOWN,3,1
5780,14,DOWN,2,3
5781,15,UP,24,4
5782,15,UP,23,5
5783,14,DOWN,11,4
5784,16,DOWN,4,2
5785,17,UP,24,4
5786,13,UP,17,6
5787,4,UP,23,6
5788,7,UP,22,6
5789,13,DOWN,11,3
5790,3,UP,22,5
5791,21,DOWN,15,5
5792,7,DOWN,3,4
5793,3,UP,5,6
5794,6,UP,8,1
5795,5,UP,12,3
5796,22,DOWN,15,5
5797,15,DOWN,9,4
5798,6,UP,16,4
5799,10,UP,18,4
5800,21,DOWN,1,5
5801,23,DOWN,6,2
5802,2,UP,5,3
5803,2,UP,17,1
5804,3,UP,15,6
5805,8,UP,18,1
5806,3,UP,12,3
5807,13,UP,15,2
5808,14,DOWN,3,3
5809,22,DOWN,15,6
5810,10,DOWN,6,3
5811,5,UP,12,6
5812,23,DOWN,11,5
5813,3,UP,15,2
5814,8,UP,15,2
5815,19,DOWN,18,2
5816,22,DOWN,16,1
5817,20,DOWN,5,6
5818,12,UP,14,4
5819,1,UP,24,2
5820,9,UP,18,3
5821,24,DOWN,17,1
5822,6,UP,14,1
5823,20,DOWN,14,3
5824,9,DOWN,6,1
5825,14,UP,18,1
5826,18,DOWN,14,6
5827,9,UP,14,5
5828,2,UP,20,4
5829,20,DOWN,13,5
5830,10,DOWN,5,4
5831,7,UP,17,5
5832,12,UP,13,6
5833,7,UP,19,2
5834,8,UP,17,2
5835,4,UP,13,1
5836,12,UP,24,2
5837,19,UP,22,1
5838,19,DOWN,13,2
5839,4,UP,19,2
5840,22,DOWN,16,4
5841,13,UP,20,5
5842,21,DOWN,13,2
5843,5,UP,15,3
5844,21,DOWN,2,1
5845,12,UP,22,5
5846,13,UP,20,1
5847,19,DOWN,16,5
5848,24,DOWN,8,4
5849,7,UP,11,5
5850,24,DOWN,10,6
5851,1,UP,2,3
5852,5,UP,22,3
5853,12,DOWN,5,5
5854,18,UP,22,4
5855,14,DOWN,7,5
5856,6,UP,23,5
5857,14,DOWN,12,3
5858,20,DOWN,6,4
5859,7,DOWN,1,6
5860,21,DOWN,14,3
5861,2,UP,5,4
5862,22,DOWN,1,4
5863,15,DOWN,11,4
5864,12,UP,13,6
5865,21,DOWN,20,5
5866,23,DOWN,12,5
5867,18,DOWN,1,4
5868,10,DOWN,5,2
5869,18,DOWN,9,4
5870,2,UP,7,2
5871,8,DOWN,6,1
5872,12,DOWN,1,4
5873,2,UP,6,3
5874,16,UP,21,6
5875,6,UP,18,5
5876,7,UP,21,4
5877,13,DOWN,2,2
5878,21,DOWN,17,6
5879,16,DOWN,4,3
5880,14,DOWN,11,2
5881,13,UP,14,1
5882,10,DOWN,4,3
#5883,19,DOWN,3,1
